<?xml version="1.0" encoding="utf-8"?>
<COLLADA xmlns:xsi="http://www.w3.org/2001/XMLSchema-instance" xmlns:xsd="http://www.w3.org/2001/XMLSchema" version="1.4.1" xmlns="http://www.collada.org/2005/11/COLLADASchema">
  <asset>
    <created>2017-03-30T17:56:24.158486+08:00</created>
    <modified>2017-03-30T17:56:24.158486+08:00</modified>
    <unit meter="1" name="meter" />
    <up_axis>Y_UP</up_axis>
    <contributor>
      <authoring_tool>Skele: Character Animation Tools</authoring_tool>
      <comments>https://www.assetstore.unity3d.com/en/#!/content/16899</comments>
    </contributor>
    <revision>1.0</revision>
  </asset>
  <library_animation_clips>
    <animation_clip name="a" start="0" end="0.9259147047996521">
      <instance_animation url="a_0" />
    </animation_clip>
  </library_animation_clips>
  <library_animations>
    <animation id="a_0" name="a">
      <animation id="_0_0-anim" name="_0_0">
        <source id="_0_0-Matrix-animation-input">
          <float_array id="_0_0-Matrix-animation-input-array" count="57">0
0.01666667
0.03333334
0.05
0.06666667
0.08333334
0.1
0.1166667
0.1333333
0.15
0.1666667
0.1833333
0.2
0.2166667
0.2333333
0.25
0.2666667
0.2833334
0.3
0.3166667
0.3333334
0.3500001
0.3666668
0.3833334
0.4000001
0.4166668
0.4333335
0.4500002
0.4666668
0.4833335
0.5000002
0.5166668
0.5333335
0.5500001
0.5666668
0.5833334
0.6000001
0.6166667
0.6333334
0.65
0.6666667
0.6833333
0.7
0.7166666
0.7333333
0.7499999
0.7666666
0.7833332
0.7999999
0.8166665
0.8333332
0.8499998
0.8666665
0.8833331
0.8999998
0.9166664
0.9259147
</float_array>
          <technique_common>
            <accessor count="57" offset="0" source="#_0_0-Matrix-animation-input-array" stride="1">
              <param name="TIME" type="float" />
            </accessor>
          </technique_common>
        </source>
        <source id="_0_0-Matrix-animation-output-transform">
          <float_array id="_0_0-Matrix-animation-output-transform-array" count="912">-3.293416 0 -0.07553078 0.3985313 
0 3.294281 0 -3.4536 
0.07553077 0 -3.293416 0.217126 
0 0 0 1 
-3.293416 0 -0.07553078 0.3985313 
0 3.294281 0 -3.4536 
0.07553077 0 -3.293416 0.217126 
0 0 0 1 
-3.293416 0 -0.07553078 0.3985313 
0 3.294281 0 -3.4536 
0.07553077 0 -3.293416 0.217126 
0 0 0 1 
-3.293416 0 -0.07553078 0.3985313 
0 3.294281 0 -3.4536 
0.07553077 0 -3.293416 0.217126 
0 0 0 1 
-3.293416 0 -0.07553078 0.3985313 
0 3.294281 0 -3.4536 
0.07553077 0 -3.293416 0.217126 
0 0 0 1 
-3.293416 0 -0.07553078 0.3985313 
0 3.294281 0 -3.4536 
0.07553077 0 -3.293416 0.217126 
0 0 0 1 
-3.293416 0 -0.07553078 0.3985313 
0 3.294281 0 -3.4536 
0.07553077 0 -3.293416 0.217126 
0 0 0 1 
-3.293416 0 -0.07553078 0.3985313 
0 3.294281 0 -3.4536 
0.07553077 0 -3.293416 0.217126 
0 0 0 1 
-3.293416 0 -0.07553078 0.3985313 
0 3.294281 0 -3.4536 
0.07553077 0 -3.293416 0.217126 
0 0 0 1 
-3.293416 0 -0.07553078 0.3985313 
0 3.294281 0 -3.4536 
0.07553077 0 -3.293416 0.217126 
0 0 0 1 
-3.293416 0 -0.07553078 0.3985313 
0 3.294281 0 -3.4536 
0.07553077 0 -3.293416 0.217126 
0 0 0 1 
-3.293416 0 -0.07553078 0.3985313 
0 3.294281 0 -3.4536 
0.07553077 0 -3.293416 0.217126 
0 0 0 1 
-3.293416 0 -0.07553078 0.3985313 
0 3.294281 0 -3.4536 
0.07553077 0 -3.293416 0.217126 
0 0 0 1 
-3.293416 0 -0.07553078 0.3985313 
0 3.294281 0 -3.4536 
0.07553077 0 -3.293416 0.217126 
0 0 0 1 
-3.293416 0 -0.07553078 0.3985313 
0 3.294281 0 -3.4536 
0.07553077 0 -3.293416 0.217126 
0 0 0 1 
-3.293416 0 -0.07553078 0.3985313 
0 3.294281 0 -3.4536 
0.07553077 0 -3.293416 0.217126 
0 0 0 1 
-3.293416 0 -0.07553078 0.3985313 
0 3.294281 0 -3.4536 
0.07553077 0 -3.293416 0.217126 
0 0 0 1 
-3.293416 0 -0.07553078 0.3985313 
0 3.294281 0 -3.4536 
0.07553077 0 -3.293416 0.217126 
0 0 0 1 
-3.293416 0 -0.07553078 0.3985313 
0 3.294281 0 -3.4536 
0.07553077 0 -3.293416 0.217126 
0 0 0 1 
-3.293416 0 -0.07553078 0.3985313 
0 3.294281 0 -3.4536 
0.07553077 0 -3.293416 0.217126 
0 0 0 1 
-3.293416 0 -0.07553078 0.3985313 
0 3.294281 0 -3.4536 
0.07553077 0 -3.293416 0.217126 
0 0 0 1 
-3.293416 0 -0.07553078 0.3985313 
0 3.294281 0 -3.4536 
0.07553077 0 -3.293416 0.217126 
0 0 0 1 
-3.293416 0 -0.07553078 0.3985313 
0 3.294281 0 -3.4536 
0.07553077 0 -3.293416 0.217126 
0 0 0 1 
-3.293416 0 -0.07553078 0.3985313 
0 3.294281 0 -3.4536 
0.07553077 0 -3.293416 0.217126 
0 0 0 1 
-3.293416 0 -0.07553078 0.3985313 
0 3.294281 0 -3.4536 
0.07553077 0 -3.293416 0.217126 
0 0 0 1 
-3.293416 0 -0.07553078 0.3985313 
0 3.294281 0 -3.4536 
0.07553077 0 -3.293416 0.217126 
0 0 0 1 
-3.293416 0 -0.07553078 0.3985313 
0 3.294281 0 -3.4536 
0.07553077 0 -3.293416 0.217126 
0 0 0 1 
-3.293416 0 -0.07553078 0.3985313 
0 3.294281 0 -3.4536 
0.07553077 0 -3.293416 0.217126 
0 0 0 1 
-3.293416 0 -0.07553078 0.3985313 
0 3.294281 0 -3.4536 
0.07553077 0 -3.293416 0.217126 
0 0 0 1 
-3.293416 0 -0.07553078 0.3985313 
0 3.294281 0 -3.4536 
0.07553077 0 -3.293416 0.217126 
0 0 0 1 
-3.293416 0 -0.07553078 0.3985313 
0 3.294281 0 -3.4536 
0.07553077 0 -3.293416 0.217126 
0 0 0 1 
-3.293416 0 -0.07553078 0.3985313 
0 3.294281 0 -3.4536 
0.07553077 0 -3.293416 0.217126 
0 0 0 1 
-3.293416 0 -0.07553078 0.3985313 
0 3.294281 0 -3.4536 
0.07553077 0 -3.293416 0.217126 
0 0 0 1 
-3.293416 0 -0.07553078 0.3985313 
0 3.294281 0 -3.4536 
0.07553077 0 -3.293416 0.217126 
0 0 0 1 
-3.293416 0 -0.07553078 0.3985313 
0 3.294281 0 -3.4536 
0.07553077 0 -3.293416 0.217126 
0 0 0 1 
-3.293416 0 -0.07553078 0.3985313 
0 3.294281 0 -3.4536 
0.07553077 0 -3.293416 0.217126 
0 0 0 1 
-3.293416 0 -0.07553078 0.3985313 
0 3.294281 0 -3.4536 
0.07553077 0 -3.293416 0.217126 
0 0 0 1 
-3.293416 0 -0.07553078 0.3985313 
0 3.294281 0 -3.4536 
0.07553077 0 -3.293416 0.217126 
0 0 0 1 
-3.293416 0 -0.07553078 0.3985313 
0 3.294281 0 -3.4536 
0.07553077 0 -3.293416 0.217126 
0 0 0 1 
-3.293416 0 -0.07553078 0.3985313 
0 3.294281 0 -3.4536 
0.07553077 0 -3.293416 0.217126 
0 0 0 1 
-3.293416 0 -0.07553078 0.3985313 
0 3.294281 0 -3.4536 
0.07553077 0 -3.293416 0.217126 
0 0 0 1 
-3.293416 0 -0.07553078 0.3985313 
0 3.294281 0 -3.4536 
0.07553077 0 -3.293416 0.217126 
0 0 0 1 
-3.293416 0 -0.07553078 0.3985313 
0 3.294281 0 -3.4536 
0.07553077 0 -3.293416 0.217126 
0 0 0 1 
-3.293416 0 -0.07553078 0.3985313 
0 3.294281 0 -3.4536 
0.07553077 0 -3.293416 0.217126 
0 0 0 1 
-3.293416 0 -0.07553078 0.3985313 
0 3.294281 0 -3.4536 
0.07553077 0 -3.293416 0.217126 
0 0 0 1 
-3.293416 0 -0.07553078 0.3985313 
0 3.294281 0 -3.4536 
0.07553077 0 -3.293416 0.217126 
0 0 0 1 
-3.293416 0 -0.07553078 0.3985313 
0 3.294281 0 -3.4536 
0.07553077 0 -3.293416 0.217126 
0 0 0 1 
-3.293416 0 -0.07553078 0.3985313 
0 3.294281 0 -3.4536 
0.07553077 0 -3.293416 0.217126 
0 0 0 1 
-3.293416 0 -0.07553078 0.3985313 
0 3.294281 0 -3.4536 
0.07553077 0 -3.293416 0.217126 
0 0 0 1 
-3.293416 0 -0.07553078 0.3985313 
0 3.294281 0 -3.4536 
0.07553077 0 -3.293416 0.217126 
0 0 0 1 
-3.293416 0 -0.07553078 0.3985313 
0 3.294281 0 -3.4536 
0.07553077 0 -3.293416 0.217126 
0 0 0 1 
-3.293416 0 -0.07553078 0.3985313 
0 3.294281 0 -3.4536 
0.07553077 0 -3.293416 0.217126 
0 0 0 1 
-3.293416 0 -0.07553078 0.3985313 
0 3.294281 0 -3.4536 
0.07553077 0 -3.293416 0.217126 
0 0 0 1 
-3.293416 0 -0.07553078 0.3985313 
0 3.294281 0 -3.4536 
0.07553077 0 -3.293416 0.217126 
0 0 0 1 
-3.293416 0 -0.07553078 0.3985313 
0 3.294281 0 -3.4536 
0.07553077 0 -3.293416 0.217126 
0 0 0 1 
-3.293416 0 -0.07553078 0.3985313 
0 3.294281 0 -3.4536 
0.07553077 0 -3.293416 0.217126 
0 0 0 1 
-3.293416 0 -0.07553078 0.3985313 
0 3.294281 0 -3.4536 
0.07553077 0 -3.293416 0.217126 
0 0 0 1 
</float_array>
          <technique_common>
            <accessor count="57" offset="0" source="#_0_0-Matrix-animation-output-transform-array" stride="16">
              <param type="float4x4" />
            </accessor>
          </technique_common>
        </source>
        <source id="_0_0-Interpolations">
          <Name_array id="_0_0-Interpolations-array" count="57">LINEAR
LINEAR
LINEAR
LINEAR
LINEAR
LINEAR
LINEAR
LINEAR
LINEAR
LINEAR
LINEAR
LINEAR
LINEAR
LINEAR
LINEAR
LINEAR
LINEAR
LINEAR
LINEAR
LINEAR
LINEAR
LINEAR
LINEAR
LINEAR
LINEAR
LINEAR
LINEAR
LINEAR
LINEAR
LINEAR
LINEAR
LINEAR
LINEAR
LINEAR
LINEAR
LINEAR
LINEAR
LINEAR
LINEAR
LINEAR
LINEAR
LINEAR
LINEAR
LINEAR
LINEAR
LINEAR
LINEAR
LINEAR
LINEAR
LINEAR
LINEAR
LINEAR
LINEAR
LINEAR
LINEAR
LINEAR
LINEAR</Name_array>
          <technique_common>
            <accessor count="57" offset="0" source="#_0_0-Interpolations-array" stride="1">
              <param type="name" />
            </accessor>
          </technique_common>
        </source>
        <sampler id="_0_0-Matrix-animation-transform">
          <input semantic="INPUT" source="#_0_0-Matrix-animation-input" />
          <input semantic="OUTPUT" source="#_0_0-Matrix-animation-output-transform" />
          <input semantic="INTERPOLATION" source="#_0_0-Interpolations" />
        </sampler>
        <channel source="#_0_0-Matrix-animation-transform" target="/matrix" />
      </animation>
      <animation id="Boy01_Body_Geo_0_1-anim" name="Boy01_Body_Geo_0_1">
        <source id="Boy01_Body_Geo_0_1-Matrix-animation-input">
          <float_array id="Boy01_Body_Geo_0_1-Matrix-animation-input-array" count="57">0
0.01666667
0.03333334
0.05
0.06666667
0.08333334
0.1
0.1166667
0.1333333
0.15
0.1666667
0.1833333
0.2
0.2166667
0.2333333
0.25
0.2666667
0.2833334
0.3
0.3166667
0.3333334
0.3500001
0.3666668
0.3833334
0.4000001
0.4166668
0.4333335
0.4500002
0.4666668
0.4833335
0.5000002
0.5166668
0.5333335
0.5500001
0.5666668
0.5833334
0.6000001
0.6166667
0.6333334
0.65
0.6666667
0.6833333
0.7
0.7166666
0.7333333
0.7499999
0.7666666
0.7833332
0.7999999
0.8166665
0.8333332
0.8499998
0.8666665
0.8833331
0.8999998
0.9166664
0.9259147
</float_array>
          <technique_common>
            <accessor count="57" offset="0" source="#Boy01_Body_Geo_0_1-Matrix-animation-input-array" stride="1">
              <param name="TIME" type="float" />
            </accessor>
          </technique_common>
        </source>
        <source id="Boy01_Body_Geo_0_1-Matrix-animation-output-transform">
          <float_array id="Boy01_Body_Geo_0_1-Matrix-animation-output-transform-array" count="912">1 0 0 0 
0 1 0 0 
0 0 1 0 
0 0 0 1 
1 0 0 0 
0 1 0 0 
0 0 1 0 
0 0 0 1 
1 0 0 0 
0 1 0 0 
0 0 1 0 
0 0 0 1 
1 0 0 0 
0 1 0 0 
0 0 1 0 
0 0 0 1 
1 0 0 0 
0 1 0 0 
0 0 1 0 
0 0 0 1 
1 0 0 0 
0 1 0 0 
0 0 1 0 
0 0 0 1 
1 0 0 0 
0 1 0 0 
0 0 1 0 
0 0 0 1 
1 0 0 0 
0 1 0 0 
0 0 1 0 
0 0 0 1 
1 0 0 0 
0 1 0 0 
0 0 1 0 
0 0 0 1 
1 0 0 0 
0 1 0 0 
0 0 1 0 
0 0 0 1 
1 0 0 0 
0 1 0 0 
0 0 1 0 
0 0 0 1 
1 0 0 0 
0 1 0 0 
0 0 1 0 
0 0 0 1 
1 0 0 0 
0 1 0 0 
0 0 1 0 
0 0 0 1 
1 0 0 0 
0 1 0 0 
0 0 1 0 
0 0 0 1 
1 0 0 0 
0 1 0 0 
0 0 1 0 
0 0 0 1 
1 0 0 0 
0 1 0 0 
0 0 1 0 
0 0 0 1 
1 0 0 0 
0 1 0 0 
0 0 1 0 
0 0 0 1 
1 0 0 0 
0 1 0 0 
0 0 1 0 
0 0 0 1 
1 0 0 0 
0 1 0 0 
0 0 1 0 
0 0 0 1 
1 0 0 0 
0 1 0 0 
0 0 1 0 
0 0 0 1 
1 0 0 0 
0 1 0 0 
0 0 1 0 
0 0 0 1 
1 0 0 0 
0 1 0 0 
0 0 1 0 
0 0 0 1 
1 0 0 0 
0 1 0 0 
0 0 1 0 
0 0 0 1 
1 0 0 0 
0 1 0 0 
0 0 1 0 
0 0 0 1 
1 0 0 0 
0 1 0 0 
0 0 1 0 
0 0 0 1 
1 0 0 0 
0 1 0 0 
0 0 1 0 
0 0 0 1 
1 0 0 0 
0 1 0 0 
0 0 1 0 
0 0 0 1 
1 0 0 0 
0 1 0 0 
0 0 1 0 
0 0 0 1 
1 0 0 0 
0 1 0 0 
0 0 1 0 
0 0 0 1 
1 0 0 0 
0 1 0 0 
0 0 1 0 
0 0 0 1 
1 0 0 0 
0 1 0 0 
0 0 1 0 
0 0 0 1 
1 0 0 0 
0 1 0 0 
0 0 1 0 
0 0 0 1 
1 0 0 0 
0 1 0 0 
0 0 1 0 
0 0 0 1 
1 0 0 0 
0 1 0 0 
0 0 1 0 
0 0 0 1 
1 0 0 0 
0 1 0 0 
0 0 1 0 
0 0 0 1 
1 0 0 0 
0 1 0 0 
0 0 1 0 
0 0 0 1 
1 0 0 0 
0 1 0 0 
0 0 1 0 
0 0 0 1 
1 0 0 0 
0 1 0 0 
0 0 1 0 
0 0 0 1 
1 0 0 0 
0 1 0 0 
0 0 1 0 
0 0 0 1 
1 0 0 0 
0 1 0 0 
0 0 1 0 
0 0 0 1 
1 0 0 0 
0 1 0 0 
0 0 1 0 
0 0 0 1 
1 0 0 0 
0 1 0 0 
0 0 1 0 
0 0 0 1 
1 0 0 0 
0 1 0 0 
0 0 1 0 
0 0 0 1 
1 0 0 0 
0 1 0 0 
0 0 1 0 
0 0 0 1 
1 0 0 0 
0 1 0 0 
0 0 1 0 
0 0 0 1 
1 0 0 0 
0 1 0 0 
0 0 1 0 
0 0 0 1 
1 0 0 0 
0 1 0 0 
0 0 1 0 
0 0 0 1 
1 0 0 0 
0 1 0 0 
0 0 1 0 
0 0 0 1 
1 0 0 0 
0 1 0 0 
0 0 1 0 
0 0 0 1 
1 0 0 0 
0 1 0 0 
0 0 1 0 
0 0 0 1 
1 0 0 0 
0 1 0 0 
0 0 1 0 
0 0 0 1 
1 0 0 0 
0 1 0 0 
0 0 1 0 
0 0 0 1 
1 0 0 0 
0 1 0 0 
0 0 1 0 
0 0 0 1 
1 0 0 0 
0 1 0 0 
0 0 1 0 
0 0 0 1 
1 0 0 0 
0 1 0 0 
0 0 1 0 
0 0 0 1 
1 0 0 0 
0 1 0 0 
0 0 1 0 
0 0 0 1 
1 0 0 0 
0 1 0 0 
0 0 1 0 
0 0 0 1 
</float_array>
          <technique_common>
            <accessor count="57" offset="0" source="#Boy01_Body_Geo_0_1-Matrix-animation-output-transform-array" stride="16">
              <param type="float4x4" />
            </accessor>
          </technique_common>
        </source>
        <source id="Boy01_Body_Geo_0_1-Interpolations">
          <Name_array id="Boy01_Body_Geo_0_1-Interpolations-array" count="57">LINEAR
LINEAR
LINEAR
LINEAR
LINEAR
LINEAR
LINEAR
LINEAR
LINEAR
LINEAR
LINEAR
LINEAR
LINEAR
LINEAR
LINEAR
LINEAR
LINEAR
LINEAR
LINEAR
LINEAR
LINEAR
LINEAR
LINEAR
LINEAR
LINEAR
LINEAR
LINEAR
LINEAR
LINEAR
LINEAR
LINEAR
LINEAR
LINEAR
LINEAR
LINEAR
LINEAR
LINEAR
LINEAR
LINEAR
LINEAR
LINEAR
LINEAR
LINEAR
LINEAR
LINEAR
LINEAR
LINEAR
LINEAR
LINEAR
LINEAR
LINEAR
LINEAR
LINEAR
LINEAR
LINEAR
LINEAR
LINEAR</Name_array>
          <technique_common>
            <accessor count="57" offset="0" source="#Boy01_Body_Geo_0_1-Interpolations-array" stride="1">
              <param type="name" />
            </accessor>
          </technique_common>
        </source>
        <sampler id="Boy01_Body_Geo_0_1-Matrix-animation-transform">
          <input semantic="INPUT" source="#Boy01_Body_Geo_0_1-Matrix-animation-input" />
          <input semantic="OUTPUT" source="#Boy01_Body_Geo_0_1-Matrix-animation-output-transform" />
          <input semantic="INTERPOLATION" source="#Boy01_Body_Geo_0_1-Interpolations" />
        </sampler>
        <channel source="#Boy01_Body_Geo_0_1-Matrix-animation-transform" target="Boy01_Body_Geo/matrix" />
      </animation>
      <animation id="Boy01_Brows_Geo_0_2-anim" name="Boy01_Brows_Geo_0_2">
        <source id="Boy01_Brows_Geo_0_2-Matrix-animation-input">
          <float_array id="Boy01_Brows_Geo_0_2-Matrix-animation-input-array" count="57">0
0.01666667
0.03333334
0.05
0.06666667
0.08333334
0.1
0.1166667
0.1333333
0.15
0.1666667
0.1833333
0.2
0.2166667
0.2333333
0.25
0.2666667
0.2833334
0.3
0.3166667
0.3333334
0.3500001
0.3666668
0.3833334
0.4000001
0.4166668
0.4333335
0.4500002
0.4666668
0.4833335
0.5000002
0.5166668
0.5333335
0.5500001
0.5666668
0.5833334
0.6000001
0.6166667
0.6333334
0.65
0.6666667
0.6833333
0.7
0.7166666
0.7333333
0.7499999
0.7666666
0.7833332
0.7999999
0.8166665
0.8333332
0.8499998
0.8666665
0.8833331
0.8999998
0.9166664
0.9259147
</float_array>
          <technique_common>
            <accessor count="57" offset="0" source="#Boy01_Brows_Geo_0_2-Matrix-animation-input-array" stride="1">
              <param name="TIME" type="float" />
            </accessor>
          </technique_common>
        </source>
        <source id="Boy01_Brows_Geo_0_2-Matrix-animation-output-transform">
          <float_array id="Boy01_Brows_Geo_0_2-Matrix-animation-output-transform-array" count="912">1 0 0 0 
0 1 0 0 
0 0 1 0 
0 0 0 1 
1 0 0 0 
0 1 0 0 
0 0 1 0 
0 0 0 1 
1 0 0 0 
0 1 0 0 
0 0 1 0 
0 0 0 1 
1 0 0 0 
0 1 0 0 
0 0 1 0 
0 0 0 1 
1 0 0 0 
0 1 0 0 
0 0 1 0 
0 0 0 1 
1 0 0 0 
0 1 0 0 
0 0 1 0 
0 0 0 1 
1 0 0 0 
0 1 0 0 
0 0 1 0 
0 0 0 1 
1 0 0 0 
0 1 0 0 
0 0 1 0 
0 0 0 1 
1 0 0 0 
0 1 0 0 
0 0 1 0 
0 0 0 1 
1 0 0 0 
0 1 0 0 
0 0 1 0 
0 0 0 1 
1 0 0 0 
0 1 0 0 
0 0 1 0 
0 0 0 1 
1 0 0 0 
0 1 0 0 
0 0 1 0 
0 0 0 1 
1 0 0 0 
0 1 0 0 
0 0 1 0 
0 0 0 1 
1 0 0 0 
0 1 0 0 
0 0 1 0 
0 0 0 1 
1 0 0 0 
0 1 0 0 
0 0 1 0 
0 0 0 1 
1 0 0 0 
0 1 0 0 
0 0 1 0 
0 0 0 1 
1 0 0 0 
0 1 0 0 
0 0 1 0 
0 0 0 1 
1 0 0 0 
0 1 0 0 
0 0 1 0 
0 0 0 1 
1 0 0 0 
0 1 0 0 
0 0 1 0 
0 0 0 1 
1 0 0 0 
0 1 0 0 
0 0 1 0 
0 0 0 1 
1 0 0 0 
0 1 0 0 
0 0 1 0 
0 0 0 1 
1 0 0 0 
0 1 0 0 
0 0 1 0 
0 0 0 1 
1 0 0 0 
0 1 0 0 
0 0 1 0 
0 0 0 1 
1 0 0 0 
0 1 0 0 
0 0 1 0 
0 0 0 1 
1 0 0 0 
0 1 0 0 
0 0 1 0 
0 0 0 1 
1 0 0 0 
0 1 0 0 
0 0 1 0 
0 0 0 1 
1 0 0 0 
0 1 0 0 
0 0 1 0 
0 0 0 1 
1 0 0 0 
0 1 0 0 
0 0 1 0 
0 0 0 1 
1 0 0 0 
0 1 0 0 
0 0 1 0 
0 0 0 1 
1 0 0 0 
0 1 0 0 
0 0 1 0 
0 0 0 1 
1 0 0 0 
0 1 0 0 
0 0 1 0 
0 0 0 1 
1 0 0 0 
0 1 0 0 
0 0 1 0 
0 0 0 1 
1 0 0 0 
0 1 0 0 
0 0 1 0 
0 0 0 1 
1 0 0 0 
0 1 0 0 
0 0 1 0 
0 0 0 1 
1 0 0 0 
0 1 0 0 
0 0 1 0 
0 0 0 1 
1 0 0 0 
0 1 0 0 
0 0 1 0 
0 0 0 1 
1 0 0 0 
0 1 0 0 
0 0 1 0 
0 0 0 1 
1 0 0 0 
0 1 0 0 
0 0 1 0 
0 0 0 1 
1 0 0 0 
0 1 0 0 
0 0 1 0 
0 0 0 1 
1 0 0 0 
0 1 0 0 
0 0 1 0 
0 0 0 1 
1 0 0 0 
0 1 0 0 
0 0 1 0 
0 0 0 1 
1 0 0 0 
0 1 0 0 
0 0 1 0 
0 0 0 1 
1 0 0 0 
0 1 0 0 
0 0 1 0 
0 0 0 1 
1 0 0 0 
0 1 0 0 
0 0 1 0 
0 0 0 1 
1 0 0 0 
0 1 0 0 
0 0 1 0 
0 0 0 1 
1 0 0 0 
0 1 0 0 
0 0 1 0 
0 0 0 1 
1 0 0 0 
0 1 0 0 
0 0 1 0 
0 0 0 1 
1 0 0 0 
0 1 0 0 
0 0 1 0 
0 0 0 1 
1 0 0 0 
0 1 0 0 
0 0 1 0 
0 0 0 1 
1 0 0 0 
0 1 0 0 
0 0 1 0 
0 0 0 1 
1 0 0 0 
0 1 0 0 
0 0 1 0 
0 0 0 1 
1 0 0 0 
0 1 0 0 
0 0 1 0 
0 0 0 1 
1 0 0 0 
0 1 0 0 
0 0 1 0 
0 0 0 1 
1 0 0 0 
0 1 0 0 
0 0 1 0 
0 0 0 1 
1 0 0 0 
0 1 0 0 
0 0 1 0 
0 0 0 1 
1 0 0 0 
0 1 0 0 
0 0 1 0 
0 0 0 1 
1 0 0 0 
0 1 0 0 
0 0 1 0 
0 0 0 1 
</float_array>
          <technique_common>
            <accessor count="57" offset="0" source="#Boy01_Brows_Geo_0_2-Matrix-animation-output-transform-array" stride="16">
              <param type="float4x4" />
            </accessor>
          </technique_common>
        </source>
        <source id="Boy01_Brows_Geo_0_2-Interpolations">
          <Name_array id="Boy01_Brows_Geo_0_2-Interpolations-array" count="57">LINEAR
LINEAR
LINEAR
LINEAR
LINEAR
LINEAR
LINEAR
LINEAR
LINEAR
LINEAR
LINEAR
LINEAR
LINEAR
LINEAR
LINEAR
LINEAR
LINEAR
LINEAR
LINEAR
LINEAR
LINEAR
LINEAR
LINEAR
LINEAR
LINEAR
LINEAR
LINEAR
LINEAR
LINEAR
LINEAR
LINEAR
LINEAR
LINEAR
LINEAR
LINEAR
LINEAR
LINEAR
LINEAR
LINEAR
LINEAR
LINEAR
LINEAR
LINEAR
LINEAR
LINEAR
LINEAR
LINEAR
LINEAR
LINEAR
LINEAR
LINEAR
LINEAR
LINEAR
LINEAR
LINEAR
LINEAR
LINEAR</Name_array>
          <technique_common>
            <accessor count="57" offset="0" source="#Boy01_Brows_Geo_0_2-Interpolations-array" stride="1">
              <param type="name" />
            </accessor>
          </technique_common>
        </source>
        <sampler id="Boy01_Brows_Geo_0_2-Matrix-animation-transform">
          <input semantic="INPUT" source="#Boy01_Brows_Geo_0_2-Matrix-animation-input" />
          <input semantic="OUTPUT" source="#Boy01_Brows_Geo_0_2-Matrix-animation-output-transform" />
          <input semantic="INTERPOLATION" source="#Boy01_Brows_Geo_0_2-Interpolations" />
        </sampler>
        <channel source="#Boy01_Brows_Geo_0_2-Matrix-animation-transform" target="Boy01_Brows_Geo/matrix" />
      </animation>
      <animation id="Boy01_Eyes_Geo_0_3-anim" name="Boy01_Eyes_Geo_0_3">
        <source id="Boy01_Eyes_Geo_0_3-Matrix-animation-input">
          <float_array id="Boy01_Eyes_Geo_0_3-Matrix-animation-input-array" count="57">0
0.01666667
0.03333334
0.05
0.06666667
0.08333334
0.1
0.1166667
0.1333333
0.15
0.1666667
0.1833333
0.2
0.2166667
0.2333333
0.25
0.2666667
0.2833334
0.3
0.3166667
0.3333334
0.3500001
0.3666668
0.3833334
0.4000001
0.4166668
0.4333335
0.4500002
0.4666668
0.4833335
0.5000002
0.5166668
0.5333335
0.5500001
0.5666668
0.5833334
0.6000001
0.6166667
0.6333334
0.65
0.6666667
0.6833333
0.7
0.7166666
0.7333333
0.7499999
0.7666666
0.7833332
0.7999999
0.8166665
0.8333332
0.8499998
0.8666665
0.8833331
0.8999998
0.9166664
0.9259147
</float_array>
          <technique_common>
            <accessor count="57" offset="0" source="#Boy01_Eyes_Geo_0_3-Matrix-animation-input-array" stride="1">
              <param name="TIME" type="float" />
            </accessor>
          </technique_common>
        </source>
        <source id="Boy01_Eyes_Geo_0_3-Matrix-animation-output-transform">
          <float_array id="Boy01_Eyes_Geo_0_3-Matrix-animation-output-transform-array" count="912">1 0 0 0 
0 1 0 0 
0 0 1 0 
0 0 0 1 
1 0 0 0 
0 1 0 0 
0 0 1 0 
0 0 0 1 
1 0 0 0 
0 1 0 0 
0 0 1 0 
0 0 0 1 
1 0 0 0 
0 1 0 0 
0 0 1 0 
0 0 0 1 
1 0 0 0 
0 1 0 0 
0 0 1 0 
0 0 0 1 
1 0 0 0 
0 1 0 0 
0 0 1 0 
0 0 0 1 
1 0 0 0 
0 1 0 0 
0 0 1 0 
0 0 0 1 
1 0 0 0 
0 1 0 0 
0 0 1 0 
0 0 0 1 
1 0 0 0 
0 1 0 0 
0 0 1 0 
0 0 0 1 
1 0 0 0 
0 1 0 0 
0 0 1 0 
0 0 0 1 
1 0 0 0 
0 1 0 0 
0 0 1 0 
0 0 0 1 
1 0 0 0 
0 1 0 0 
0 0 1 0 
0 0 0 1 
1 0 0 0 
0 1 0 0 
0 0 1 0 
0 0 0 1 
1 0 0 0 
0 1 0 0 
0 0 1 0 
0 0 0 1 
1 0 0 0 
0 1 0 0 
0 0 1 0 
0 0 0 1 
1 0 0 0 
0 1 0 0 
0 0 1 0 
0 0 0 1 
1 0 0 0 
0 1 0 0 
0 0 1 0 
0 0 0 1 
1 0 0 0 
0 1 0 0 
0 0 1 0 
0 0 0 1 
1 0 0 0 
0 1 0 0 
0 0 1 0 
0 0 0 1 
1 0 0 0 
0 1 0 0 
0 0 1 0 
0 0 0 1 
1 0 0 0 
0 1 0 0 
0 0 1 0 
0 0 0 1 
1 0 0 0 
0 1 0 0 
0 0 1 0 
0 0 0 1 
1 0 0 0 
0 1 0 0 
0 0 1 0 
0 0 0 1 
1 0 0 0 
0 1 0 0 
0 0 1 0 
0 0 0 1 
1 0 0 0 
0 1 0 0 
0 0 1 0 
0 0 0 1 
1 0 0 0 
0 1 0 0 
0 0 1 0 
0 0 0 1 
1 0 0 0 
0 1 0 0 
0 0 1 0 
0 0 0 1 
1 0 0 0 
0 1 0 0 
0 0 1 0 
0 0 0 1 
1 0 0 0 
0 1 0 0 
0 0 1 0 
0 0 0 1 
1 0 0 0 
0 1 0 0 
0 0 1 0 
0 0 0 1 
1 0 0 0 
0 1 0 0 
0 0 1 0 
0 0 0 1 
1 0 0 0 
0 1 0 0 
0 0 1 0 
0 0 0 1 
1 0 0 0 
0 1 0 0 
0 0 1 0 
0 0 0 1 
1 0 0 0 
0 1 0 0 
0 0 1 0 
0 0 0 1 
1 0 0 0 
0 1 0 0 
0 0 1 0 
0 0 0 1 
1 0 0 0 
0 1 0 0 
0 0 1 0 
0 0 0 1 
1 0 0 0 
0 1 0 0 
0 0 1 0 
0 0 0 1 
1 0 0 0 
0 1 0 0 
0 0 1 0 
0 0 0 1 
1 0 0 0 
0 1 0 0 
0 0 1 0 
0 0 0 1 
1 0 0 0 
0 1 0 0 
0 0 1 0 
0 0 0 1 
1 0 0 0 
0 1 0 0 
0 0 1 0 
0 0 0 1 
1 0 0 0 
0 1 0 0 
0 0 1 0 
0 0 0 1 
1 0 0 0 
0 1 0 0 
0 0 1 0 
0 0 0 1 
1 0 0 0 
0 1 0 0 
0 0 1 0 
0 0 0 1 
1 0 0 0 
0 1 0 0 
0 0 1 0 
0 0 0 1 
1 0 0 0 
0 1 0 0 
0 0 1 0 
0 0 0 1 
1 0 0 0 
0 1 0 0 
0 0 1 0 
0 0 0 1 
1 0 0 0 
0 1 0 0 
0 0 1 0 
0 0 0 1 
1 0 0 0 
0 1 0 0 
0 0 1 0 
0 0 0 1 
1 0 0 0 
0 1 0 0 
0 0 1 0 
0 0 0 1 
1 0 0 0 
0 1 0 0 
0 0 1 0 
0 0 0 1 
1 0 0 0 
0 1 0 0 
0 0 1 0 
0 0 0 1 
1 0 0 0 
0 1 0 0 
0 0 1 0 
0 0 0 1 
1 0 0 0 
0 1 0 0 
0 0 1 0 
0 0 0 1 
1 0 0 0 
0 1 0 0 
0 0 1 0 
0 0 0 1 
1 0 0 0 
0 1 0 0 
0 0 1 0 
0 0 0 1 
1 0 0 0 
0 1 0 0 
0 0 1 0 
0 0 0 1 
</float_array>
          <technique_common>
            <accessor count="57" offset="0" source="#Boy01_Eyes_Geo_0_3-Matrix-animation-output-transform-array" stride="16">
              <param type="float4x4" />
            </accessor>
          </technique_common>
        </source>
        <source id="Boy01_Eyes_Geo_0_3-Interpolations">
          <Name_array id="Boy01_Eyes_Geo_0_3-Interpolations-array" count="57">LINEAR
LINEAR
LINEAR
LINEAR
LINEAR
LINEAR
LINEAR
LINEAR
LINEAR
LINEAR
LINEAR
LINEAR
LINEAR
LINEAR
LINEAR
LINEAR
LINEAR
LINEAR
LINEAR
LINEAR
LINEAR
LINEAR
LINEAR
LINEAR
LINEAR
LINEAR
LINEAR
LINEAR
LINEAR
LINEAR
LINEAR
LINEAR
LINEAR
LINEAR
LINEAR
LINEAR
LINEAR
LINEAR
LINEAR
LINEAR
LINEAR
LINEAR
LINEAR
LINEAR
LINEAR
LINEAR
LINEAR
LINEAR
LINEAR
LINEAR
LINEAR
LINEAR
LINEAR
LINEAR
LINEAR
LINEAR
LINEAR</Name_array>
          <technique_common>
            <accessor count="57" offset="0" source="#Boy01_Eyes_Geo_0_3-Interpolations-array" stride="1">
              <param type="name" />
            </accessor>
          </technique_common>
        </source>
        <sampler id="Boy01_Eyes_Geo_0_3-Matrix-animation-transform">
          <input semantic="INPUT" source="#Boy01_Eyes_Geo_0_3-Matrix-animation-input" />
          <input semantic="OUTPUT" source="#Boy01_Eyes_Geo_0_3-Matrix-animation-output-transform" />
          <input semantic="INTERPOLATION" source="#Boy01_Eyes_Geo_0_3-Interpolations" />
        </sampler>
        <channel source="#Boy01_Eyes_Geo_0_3-Matrix-animation-transform" target="Boy01_Eyes_Geo/matrix" />
      </animation>
      <animation id="h_Geo_0_4-anim" name="h_Geo_0_4">
        <source id="h_Geo_0_4-Matrix-animation-input">
          <float_array id="h_Geo_0_4-Matrix-animation-input-array" count="57">0
0.01666667
0.03333334
0.05
0.06666667
0.08333334
0.1
0.1166667
0.1333333
0.15
0.1666667
0.1833333
0.2
0.2166667
0.2333333
0.25
0.2666667
0.2833334
0.3
0.3166667
0.3333334
0.3500001
0.3666668
0.3833334
0.4000001
0.4166668
0.4333335
0.4500002
0.4666668
0.4833335
0.5000002
0.5166668
0.5333335
0.5500001
0.5666668
0.5833334
0.6000001
0.6166667
0.6333334
0.65
0.6666667
0.6833333
0.7
0.7166666
0.7333333
0.7499999
0.7666666
0.7833332
0.7999999
0.8166665
0.8333332
0.8499998
0.8666665
0.8833331
0.8999998
0.9166664
0.9259147
</float_array>
          <technique_common>
            <accessor count="57" offset="0" source="#h_Geo_0_4-Matrix-animation-input-array" stride="1">
              <param name="TIME" type="float" />
            </accessor>
          </technique_common>
        </source>
        <source id="h_Geo_0_4-Matrix-animation-output-transform">
          <float_array id="h_Geo_0_4-Matrix-animation-output-transform-array" count="912">1 0 0 0 
0 1 0 0 
0 0 1 0 
0 0 0 1 
1 0 0 0 
0 1 0 0 
0 0 1 0 
0 0 0 1 
1 0 0 0 
0 1 0 0 
0 0 1 0 
0 0 0 1 
1 0 0 0 
0 1 0 0 
0 0 1 0 
0 0 0 1 
1 0 0 0 
0 1 0 0 
0 0 1 0 
0 0 0 1 
1 0 0 0 
0 1 0 0 
0 0 1 0 
0 0 0 1 
1 0 0 0 
0 1 0 0 
0 0 1 0 
0 0 0 1 
1 0 0 0 
0 1 0 0 
0 0 1 0 
0 0 0 1 
1 0 0 0 
0 1 0 0 
0 0 1 0 
0 0 0 1 
1 0 0 0 
0 1 0 0 
0 0 1 0 
0 0 0 1 
1 0 0 0 
0 1 0 0 
0 0 1 0 
0 0 0 1 
1 0 0 0 
0 1 0 0 
0 0 1 0 
0 0 0 1 
1 0 0 0 
0 1 0 0 
0 0 1 0 
0 0 0 1 
1 0 0 0 
0 1 0 0 
0 0 1 0 
0 0 0 1 
1 0 0 0 
0 1 0 0 
0 0 1 0 
0 0 0 1 
1 0 0 0 
0 1 0 0 
0 0 1 0 
0 0 0 1 
1 0 0 0 
0 1 0 0 
0 0 1 0 
0 0 0 1 
1 0 0 0 
0 1 0 0 
0 0 1 0 
0 0 0 1 
1 0 0 0 
0 1 0 0 
0 0 1 0 
0 0 0 1 
1 0 0 0 
0 1 0 0 
0 0 1 0 
0 0 0 1 
1 0 0 0 
0 1 0 0 
0 0 1 0 
0 0 0 1 
1 0 0 0 
0 1 0 0 
0 0 1 0 
0 0 0 1 
1 0 0 0 
0 1 0 0 
0 0 1 0 
0 0 0 1 
1 0 0 0 
0 1 0 0 
0 0 1 0 
0 0 0 1 
1 0 0 0 
0 1 0 0 
0 0 1 0 
0 0 0 1 
1 0 0 0 
0 1 0 0 
0 0 1 0 
0 0 0 1 
1 0 0 0 
0 1 0 0 
0 0 1 0 
0 0 0 1 
1 0 0 0 
0 1 0 0 
0 0 1 0 
0 0 0 1 
1 0 0 0 
0 1 0 0 
0 0 1 0 
0 0 0 1 
1 0 0 0 
0 1 0 0 
0 0 1 0 
0 0 0 1 
1 0 0 0 
0 1 0 0 
0 0 1 0 
0 0 0 1 
1 0 0 0 
0 1 0 0 
0 0 1 0 
0 0 0 1 
1 0 0 0 
0 1 0 0 
0 0 1 0 
0 0 0 1 
1 0 0 0 
0 1 0 0 
0 0 1 0 
0 0 0 1 
1 0 0 0 
0 1 0 0 
0 0 1 0 
0 0 0 1 
1 0 0 0 
0 1 0 0 
0 0 1 0 
0 0 0 1 
1 0 0 0 
0 1 0 0 
0 0 1 0 
0 0 0 1 
1 0 0 0 
0 1 0 0 
0 0 1 0 
0 0 0 1 
1 0 0 0 
0 1 0 0 
0 0 1 0 
0 0 0 1 
1 0 0 0 
0 1 0 0 
0 0 1 0 
0 0 0 1 
1 0 0 0 
0 1 0 0 
0 0 1 0 
0 0 0 1 
1 0 0 0 
0 1 0 0 
0 0 1 0 
0 0 0 1 
1 0 0 0 
0 1 0 0 
0 0 1 0 
0 0 0 1 
1 0 0 0 
0 1 0 0 
0 0 1 0 
0 0 0 1 
1 0 0 0 
0 1 0 0 
0 0 1 0 
0 0 0 1 
1 0 0 0 
0 1 0 0 
0 0 1 0 
0 0 0 1 
1 0 0 0 
0 1 0 0 
0 0 1 0 
0 0 0 1 
1 0 0 0 
0 1 0 0 
0 0 1 0 
0 0 0 1 
1 0 0 0 
0 1 0 0 
0 0 1 0 
0 0 0 1 
1 0 0 0 
0 1 0 0 
0 0 1 0 
0 0 0 1 
1 0 0 0 
0 1 0 0 
0 0 1 0 
0 0 0 1 
1 0 0 0 
0 1 0 0 
0 0 1 0 
0 0 0 1 
1 0 0 0 
0 1 0 0 
0 0 1 0 
0 0 0 1 
1 0 0 0 
0 1 0 0 
0 0 1 0 
0 0 0 1 
1 0 0 0 
0 1 0 0 
0 0 1 0 
0 0 0 1 
1 0 0 0 
0 1 0 0 
0 0 1 0 
0 0 0 1 
1 0 0 0 
0 1 0 0 
0 0 1 0 
0 0 0 1 
</float_array>
          <technique_common>
            <accessor count="57" offset="0" source="#h_Geo_0_4-Matrix-animation-output-transform-array" stride="16">
              <param type="float4x4" />
            </accessor>
          </technique_common>
        </source>
        <source id="h_Geo_0_4-Interpolations">
          <Name_array id="h_Geo_0_4-Interpolations-array" count="57">LINEAR
LINEAR
LINEAR
LINEAR
LINEAR
LINEAR
LINEAR
LINEAR
LINEAR
LINEAR
LINEAR
LINEAR
LINEAR
LINEAR
LINEAR
LINEAR
LINEAR
LINEAR
LINEAR
LINEAR
LINEAR
LINEAR
LINEAR
LINEAR
LINEAR
LINEAR
LINEAR
LINEAR
LINEAR
LINEAR
LINEAR
LINEAR
LINEAR
LINEAR
LINEAR
LINEAR
LINEAR
LINEAR
LINEAR
LINEAR
LINEAR
LINEAR
LINEAR
LINEAR
LINEAR
LINEAR
LINEAR
LINEAR
LINEAR
LINEAR
LINEAR
LINEAR
LINEAR
LINEAR
LINEAR
LINEAR
LINEAR</Name_array>
          <technique_common>
            <accessor count="57" offset="0" source="#h_Geo_0_4-Interpolations-array" stride="1">
              <param type="name" />
            </accessor>
          </technique_common>
        </source>
        <sampler id="h_Geo_0_4-Matrix-animation-transform">
          <input semantic="INPUT" source="#h_Geo_0_4-Matrix-animation-input" />
          <input semantic="OUTPUT" source="#h_Geo_0_4-Matrix-animation-output-transform" />
          <input semantic="INTERPOLATION" source="#h_Geo_0_4-Interpolations" />
        </sampler>
        <channel source="#h_Geo_0_4-Matrix-animation-transform" target="h_Geo/matrix" />
      </animation>
      <animation id="Hips_0_5-anim" name="Hips_0_5">
        <source id="Hips_0_5-Matrix-animation-input">
          <float_array id="Hips_0_5-Matrix-animation-input-array" count="57">0
0.01666667
0.03333334
0.05
0.06666667
0.08333334
0.1
0.1166667
0.1333333
0.15
0.1666667
0.1833333
0.2
0.2166667
0.2333333
0.25
0.2666667
0.2833334
0.3
0.3166667
0.3333334
0.3500001
0.3666668
0.3833334
0.4000001
0.4166668
0.4333335
0.4500002
0.4666668
0.4833335
0.5000002
0.5166668
0.5333335
0.5500001
0.5666668
0.5833334
0.6000001
0.6166667
0.6333334
0.65
0.6666667
0.6833333
0.7
0.7166666
0.7333333
0.7499999
0.7666666
0.7833332
0.7999999
0.8166665
0.8333332
0.8499998
0.8666665
0.8833331
0.8999998
0.9166664
0.9259147
</float_array>
          <technique_common>
            <accessor count="57" offset="0" source="#Hips_0_5-Matrix-animation-input-array" stride="1">
              <param name="TIME" type="float" />
            </accessor>
          </technique_common>
        </source>
        <source id="Hips_0_5-Matrix-animation-output-transform">
          <float_array id="Hips_0_5-Matrix-animation-output-transform-array" count="912">0.9550636 -0.1051417 0.277126 4.416815E-09 
0.004582415 0.9400956 0.3408802 0.832392 
-0.2963657 -0.3242924 0.8983328 0.004143002 
0 0 0 1 
0.9550636 -0.1051417 0.277126 4.416815E-09 
0.004582415 0.9400956 0.3408802 0.832392 
-0.2963657 -0.3242924 0.8983328 0.004143002 
0 0 0 1 
0.9550636 -0.1051417 0.277126 4.416815E-09 
0.004582415 0.9400956 0.3408802 0.832392 
-0.2963657 -0.3242924 0.8983328 0.004143002 
0 0 0 1 
0.9550636 -0.1051417 0.277126 4.416815E-09 
0.004582415 0.9400956 0.3408802 0.832392 
-0.2963657 -0.3242924 0.8983328 0.004143002 
0 0 0 1 
0.9550636 -0.1051417 0.277126 4.416815E-09 
0.004582415 0.9400956 0.3408802 0.832392 
-0.2963657 -0.3242924 0.8983328 0.004143002 
0 0 0 1 
0.9550636 -0.1051417 0.277126 4.416815E-09 
0.004582415 0.9400956 0.3408802 0.832392 
-0.2963657 -0.3242924 0.8983328 0.004143002 
0 0 0 1 
0.9550831 -0.1051625 0.2770509 4.416815E-09 
0.004616769 0.9400814 0.340919 0.832392 
-0.2963023 -0.3243268 0.8983413 0.004143002 
0 0 0 1 
0.9551069 -0.1051884 0.2769592 4.416815E-09 
0.00465918 0.9400638 0.3409667 0.832392 
-0.296225 -0.3243692 0.8983515 0.004143002 
0 0 0 1 
0.9551308 -0.1052143 0.2768669 4.416815E-09 
0.004701656 0.9400463 0.3410145 0.832392 
-0.2961473 -0.3244117 0.8983618 0.004143002 
0 0 0 1 
0.9551554 -0.1052397 0.2767721 4.416815E-09 
0.004744355 0.9400285 0.3410628 0.832392 
-0.2960671 -0.3244549 0.8983727 0.004143002 
0 0 0 1 
0.9551814 -0.1052641 0.276673 4.416815E-09 
0.004787506 0.9400105 0.3411119 0.832392 
-0.2959824 -0.3244992 0.8983845 0.004143002 
0 0 0 1 
0.9552096 -0.1052883 0.2765664 4.416815E-09 
0.004832345 0.9399917 0.341163 0.832392 
-0.2958906 -0.3245457 0.8983979 0.004143002 
0 0 0 1 
0.9552394 -0.1053121 0.2764547 4.416815E-09 
0.004878236 0.9399725 0.3412154 0.832392 
-0.2957939 -0.3245938 0.8984124 0.004143002 
0 0 0 1 
0.9552692 -0.1053348 0.2763427 4.416815E-09 
0.004923322 0.9399534 0.3412674 0.832392 
-0.2956966 -0.3246417 0.8984271 0.004143002 
0 0 0 1 
0.9552979 -0.1053558 0.2762354 4.416815E-09 
0.00496572 0.939935 0.3413172 0.832392 
-0.2956031 -0.3246879 0.8984412 0.004143002 
0 0 0 1 
0.9553243 -0.1053744 0.2761371 4.416815E-09 
0.005003842 0.9399182 0.3413633 0.832392 
-0.2955171 -0.3247309 0.898454 0.004143002 
0 0 0 1 
0.9553486 -0.1053909 0.2760469 4.416815E-09 
0.005038257 0.9399027 0.3414053 0.832392 
-0.2954383 -0.3247703 0.8984656 0.004143002 
0 0 0 1 
0.9553717 -0.1054058 0.275961 4.416815E-09 
0.005070281 0.9398879 0.3414455 0.832392 
-0.2953627 -0.3248082 0.8984768 0.004143002 
0 0 0 1 
0.955395 -0.1054196 0.2758753 4.416815E-09 
0.005101185 0.9398732 0.3414856 0.832392 
-0.2952871 -0.3248463 0.8984879 0.004143002 
0 0 0 1 
0.9554192 -0.105433 0.2757861 4.416815E-09 
0.005132182 0.9398577 0.3415278 0.832392 
-0.2952079 -0.3248869 0.8984992 0.004143002 
0 0 0 1 
0.9554456 -0.1054464 0.2756897 4.416815E-09 
0.005164371 0.9398406 0.3415743 0.832392 
-0.2951221 -0.3249319 0.8985111 0.004143002 
0 0 0 1 
0.9554738 -0.1054595 0.2755869 4.416815E-09 
0.005197105 0.9398218 0.3416254 0.832392 
-0.2950302 -0.3249819 0.8985232 0.004143002 
0 0 0 1 
0.955503 -0.1054719 0.2754808 4.416815E-09 
0.005229643 0.9398024 0.3416783 0.832392 
-0.294935 -0.325034 0.8985356 0.004143002 
0 0 0 1 
0.9555326 -0.1054828 0.2753743 4.416815E-09 
0.005261375 0.9397835 0.3417298 0.832392 
-0.2948389 -0.3250851 0.8985487 0.004143002 
0 0 0 1 
0.9555618 -0.1054916 0.2752692 4.416815E-09 
0.005291906 0.9397662 0.341777 0.832392 
-0.2947433 -0.3251324 0.8985629 0.004143002 
0 0 0 1 
0.9555923 -0.105498 0.2751611 4.416815E-09 
0.005322259 0.93975 0.3418211 0.832392 
-0.2946441 -0.3251771 0.8985793 0.004143002 
0 0 0 1 
0.9556229 -0.1055029 0.2750527 4.416815E-09 
0.005351831 0.9397345 0.3418632 0.832392 
-0.2945441 -0.3252203 0.8985964 0.004143002 
0 0 0 1 
0.9556524 -0.1055073 0.2749488 4.416815E-09 
0.005379732 0.9397194 0.3419041 0.832392 
-0.2944481 -0.3252623 0.8986127 0.004143002 
0 0 0 1 
0.9556791 -0.1055122 0.2748539 4.416815E-09 
0.005405055 0.9397045 0.3419446 0.832392 
-0.2943608 -0.3253037 0.8986263 0.004143002 
0 0 0 1 
0.955702 -0.1055178 0.274772 4.416815E-09 
0.005426652 0.9396899 0.3419844 0.832392 
-0.294286 -0.3253441 0.8986362 0.004143002 
0 0 0 1 
0.955722 -0.1055233 0.2747005 4.416815E-09 
0.005445009 0.9396759 0.3420227 0.832392 
-0.2942208 -0.3253829 0.8986435 0.004143002 
0 0 0 1 
0.9557404 -0.105529 0.2746343 4.416815E-09 
0.005461732 0.939662 0.3420607 0.832392 
-0.2941607 -0.3254212 0.8986493 0.004143002 
0 0 0 1 
0.9557588 -0.1055349 0.2745681 4.416815E-09 
0.005478526 0.9396479 0.3420992 0.832392 
-0.2941008 -0.3254601 0.8986548 0.004143002 
0 0 0 1 
0.9557785 -0.1055414 0.2744969 4.416815E-09 
0.00549705 0.9396331 0.3421395 0.832392 
-0.2940362 -0.3255006 0.8986613 0.004143002 
0 0 0 1 
0.9558005 -0.1055488 0.2744173 4.416815E-09 
0.005518651 0.9396173 0.3421824 0.832392 
-0.2939642 -0.3255437 0.8986692 0.004143002 
0 0 0 1 
0.9558237 -0.1055572 0.2743334 4.416815E-09 
0.005542139 0.9396009 0.3422273 0.832392 
-0.2938884 -0.3255885 0.8986778 0.004143002 
0 0 0 1 
0.9558467 -0.1055655 0.2742499 4.416815E-09 
0.005565186 0.9395843 0.3422725 0.832392 
-0.293813 -0.3256338 0.8986861 0.004143002 
0 0 0 1 
0.9558684 -0.1055724 0.2741718 4.416815E-09 
0.005585478 0.9395681 0.3423165 0.832392 
-0.2937422 -0.3256781 0.8986931 0.004143002 
0 0 0 1 
0.9558879 -0.1055774 0.2741019 4.416815E-09 
0.005601459 0.9395527 0.3423586 0.832392 
-0.2936785 -0.325721 0.8986983 0.004143002 
0 0 0 1 
0.9559061 -0.1055808 0.2740369 4.416815E-09 
0.005614443 0.9395375 0.3424 0.832392 
-0.2936187 -0.3257637 0.8987024 0.004143002 
0 0 0 1 
0.9559232 -0.1055833 0.2739764 4.416815E-09 
0.005625296 0.9395227 0.3424402 0.832392 
-0.293563 -0.3258054 0.8987055 0.004143002 
0 0 0 1 
0.9559389 -0.1055856 0.2739207 4.416815E-09 
0.005634828 0.9395087 0.3424788 0.832392 
-0.2935117 -0.3258453 0.8987078 0.004143002 
0 0 0 1 
0.9559531 -0.1055883 0.2738701 4.416815E-09 
0.005643781 0.9394955 0.3425148 0.832392 
-0.2934653 -0.3258825 0.8987095 0.004143002 
0 0 0 1 
0.9559655 -0.1055911 0.2738256 4.416815E-09 
0.005651716 0.9394835 0.3425474 0.832392 
-0.2934247 -0.325916 0.8987106 0.004143002 
0 0 0 1 
0.9559766 -0.1055938 0.273786 4.416815E-09 
0.00565859 0.9394724 0.3425778 0.832392 
-0.2933885 -0.3259471 0.8987111 0.004143002 
0 0 0 1 
0.9559868 -0.1055965 0.2737492 4.416815E-09 
0.005664692 0.9394616 0.3426074 0.832392 
-0.293355 -0.3259774 0.898711 0.004143002 
0 0 0 1 
0.9559968 -0.1055993 0.2737134 4.416815E-09 
0.005670252 0.9394504 0.3426379 0.832392 
-0.2933225 -0.3260087 0.8987103 0.004143002 
0 0 0 1 
0.9560069 -0.1056023 0.2736765 4.416815E-09 
0.005675569 0.9394383 0.3426709 0.832392 
-0.2932891 -0.3260425 0.8987089 0.004143002 
0 0 0 1 
0.9560175 -0.1056056 0.2736385 4.416815E-09 
0.005680272 0.9394248 0.3427079 0.832392 
-0.2932546 -0.3260804 0.8987064 0.004143002 
0 0 0 1 
0.9560279 -0.1056091 0.2736009 4.416815E-09 
0.005683951 0.9394101 0.3427483 0.832392 
-0.2932208 -0.3261217 0.8987025 0.004143002 
0 0 0 1 
0.9560381 -0.1056127 0.2735636 4.416815E-09 
0.00568747 0.9393951 0.3427892 0.832392 
-0.2931872 -0.3261636 0.8986983 0.004143002 
0 0 0 1 
0.9560485 -0.1056164 0.273526 4.416815E-09 
0.005691744 0.9393809 0.3428282 0.832392 
-0.2931533 -0.3262036 0.8986948 0.004143002 
0 0 0 1 
0.9560591 -0.1056199 0.2734877 4.416815E-09 
0.00569741 0.9393679 0.3428635 0.832392 
-0.2931188 -0.3262396 0.898693 0.004143002 
0 0 0 1 
0.9560698 -0.1056235 0.2734489 4.416815E-09 
0.005704035 0.939356 0.3428963 0.832392 
-0.2930838 -0.326273 0.8986923 0.004143002 
0 0 0 1 
0.9560804 -0.1056271 0.2734099 4.416815E-09 
0.00571119 0.9393444 0.3429278 0.832392 
-0.2930485 -0.3263051 0.8986921 0.004143002 
0 0 0 1 
0.9560913 -0.1056307 0.2733709 4.416815E-09 
0.005718386 0.9393328 0.3429593 0.832392 
-0.2930133 -0.3263372 0.898692 0.004143002 
0 0 0 1 
0.9560972 -0.1056327 0.2733493 4.416815E-09 
0.005722243 0.9393263 0.3429771 0.832392 
-0.2929938 -0.3263553 0.8986918 0.004143002 
0 0 0 1 
</float_array>
          <technique_common>
            <accessor count="57" offset="0" source="#Hips_0_5-Matrix-animation-output-transform-array" stride="16">
              <param type="float4x4" />
            </accessor>
          </technique_common>
        </source>
        <source id="Hips_0_5-Interpolations">
          <Name_array id="Hips_0_5-Interpolations-array" count="57">LINEAR
LINEAR
LINEAR
LINEAR
LINEAR
LINEAR
LINEAR
LINEAR
LINEAR
LINEAR
LINEAR
LINEAR
LINEAR
LINEAR
LINEAR
LINEAR
LINEAR
LINEAR
LINEAR
LINEAR
LINEAR
LINEAR
LINEAR
LINEAR
LINEAR
LINEAR
LINEAR
LINEAR
LINEAR
LINEAR
LINEAR
LINEAR
LINEAR
LINEAR
LINEAR
LINEAR
LINEAR
LINEAR
LINEAR
LINEAR
LINEAR
LINEAR
LINEAR
LINEAR
LINEAR
LINEAR
LINEAR
LINEAR
LINEAR
LINEAR
LINEAR
LINEAR
LINEAR
LINEAR
LINEAR
LINEAR
LINEAR</Name_array>
          <technique_common>
            <accessor count="57" offset="0" source="#Hips_0_5-Interpolations-array" stride="1">
              <param type="name" />
            </accessor>
          </technique_common>
        </source>
        <sampler id="Hips_0_5-Matrix-animation-transform">
          <input semantic="INPUT" source="#Hips_0_5-Matrix-animation-input" />
          <input semantic="OUTPUT" source="#Hips_0_5-Matrix-animation-output-transform" />
          <input semantic="INTERPOLATION" source="#Hips_0_5-Interpolations" />
        </sampler>
        <channel source="#Hips_0_5-Matrix-animation-transform" target="Hips/matrix" />
      </animation>
      <animation id="BoyFacialAnim_Joint_0_6-anim" name="BoyFacialAnim_Joint_0_6">
        <source id="BoyFacialAnim_Joint_0_6-Matrix-animation-input">
          <float_array id="BoyFacialAnim_Joint_0_6-Matrix-animation-input-array" count="57">0
0.01666667
0.03333334
0.05
0.06666667
0.08333334
0.1
0.1166667
0.1333333
0.15
0.1666667
0.1833333
0.2
0.2166667
0.2333333
0.25
0.2666667
0.2833334
0.3
0.3166667
0.3333334
0.3500001
0.3666668
0.3833334
0.4000001
0.4166668
0.4333335
0.4500002
0.4666668
0.4833335
0.5000002
0.5166668
0.5333335
0.5500001
0.5666668
0.5833334
0.6000001
0.6166667
0.6333334
0.65
0.6666667
0.6833333
0.7
0.7166666
0.7333333
0.7499999
0.7666666
0.7833332
0.7999999
0.8166665
0.8333332
0.8499998
0.8666665
0.8833331
0.8999998
0.9166664
0.9259147
</float_array>
          <technique_common>
            <accessor count="57" offset="0" source="#BoyFacialAnim_Joint_0_6-Matrix-animation-input-array" stride="1">
              <param name="TIME" type="float" />
            </accessor>
          </technique_common>
