<?xml version="1.0" encoding="utf-8"?>
<COLLADA xmlns:xsi="http://www.w3.org/2001/XMLSchema-instance" xmlns:xsd="http://www.w3.org/2001/XMLSchema" version="1.4.1" xmlns="http://www.collada.org/2005/11/COLLADASchema">
  <asset>
    <created>2017-03-30T17:56:38.8558316+08:00</created>
    <modified>2017-03-30T17:56:38.8558316+08:00</modified>
    <unit meter="1" name="meter" />
    <up_axis>Y_UP</up_axis>
    <contributor>
      <authoring_tool>Skele: Character Animation Tools</authoring_tool>
      <comments>https://www.assetstore.unity3d.com/en/#!/content/16899</comments>
    </contributor>
    <revision>1.0</revision>
  </asset>
  <library_animation_clips>
    <animation_clip name="s" start="0" end="1.0274410247802734">
      <instance_animation url="s_0" />
    </animation_clip>
  </library_animation_clips>
  <library_animations>
    <animation id="s_0" name="s">
      <animation id="_0_0-anim" name="_0_0">
        <source id="_0_0-Matrix-animation-input">
          <float_array id="_0_0-Matrix-animation-input-array" count="63">0
0.01666667
0.03333334
0.05
0.06666667
0.08333334
0.1
0.1166667
0.1333333
0.15
0.1666667
0.1833333
0.2
0.2166667
0.2333333
0.25
0.2666667
0.2833334
0.3
0.3166667
0.3333334
0.3500001
0.3666668
0.3833334
0.4000001
0.4166668
0.4333335
0.4500002
0.4666668
0.4833335
0.5000002
0.5166668
0.5333335
0.5500001
0.5666668
0.5833334
0.6000001
0.6166667
0.6333334
0.65
0.6666667
0.6833333
0.7
0.7166666
0.7333333
0.7499999
0.7666666
0.7833332
0.7999999
0.8166665
0.8333332
0.8499998
0.8666665
0.8833331
0.8999998
0.9166664
0.9333331
0.9499997
0.9666664
0.9833331
0.9999997
1.016666
1.027441
</float_array>
          <technique_common>
            <accessor count="63" offset="0" source="#_0_0-Matrix-animation-input-array" stride="1">
              <param name="TIME" type="float" />
            </accessor>
          </technique_common>
        </source>
        <source id="_0_0-Matrix-animation-output-transform">
          <float_array id="_0_0-Matrix-animation-output-transform-array" count="1008">-3.293416 0 -0.07553078 0.3985313 
0 3.294281 0 -3.4536 
0.07553077 0 -3.293416 0.217126 
0 0 0 1 
-3.293416 0 -0.07553078 0.3985313 
0 3.294281 0 -3.4536 
0.07553077 0 -3.293416 0.217126 
0 0 0 1 
-3.293416 0 -0.07553078 0.3985313 
0 3.294281 0 -3.4536 
0.07553077 0 -3.293416 0.217126 
0 0 0 1 
-3.293416 0 -0.07553078 0.3985313 
0 3.294281 0 -3.4536 
0.07553077 0 -3.293416 0.217126 
0 0 0 1 
-3.293416 0 -0.07553078 0.3985313 
0 3.294281 0 -3.4536 
0.07553077 0 -3.293416 0.217126 
0 0 0 1 
-3.293416 0 -0.07553078 0.3985313 
0 3.294281 0 -3.4536 
0.07553077 0 -3.293416 0.217126 
0 0 0 1 
-3.293416 0 -0.07553078 0.3985313 
0 3.294281 0 -3.4536 
0.07553077 0 -3.293416 0.217126 
0 0 0 1 
-3.293416 0 -0.07553078 0.3985313 
0 3.294281 0 -3.4536 
0.07553077 0 -3.293416 0.217126 
0 0 0 1 
-3.293416 0 -0.07553078 0.3985313 
0 3.294281 0 -3.4536 
0.07553077 0 -3.293416 0.217126 
0 0 0 1 
-3.293416 0 -0.07553078 0.3985313 
0 3.294281 0 -3.4536 
0.07553077 0 -3.293416 0.217126 
0 0 0 1 
-3.293416 0 -0.07553078 0.3985313 
0 3.294281 0 -3.4536 
0.07553077 0 -3.293416 0.217126 
0 0 0 1 
-3.293416 0 -0.07553078 0.3985313 
0 3.294281 0 -3.4536 
0.07553077 0 -3.293416 0.217126 
0 0 0 1 
-3.293416 0 -0.07553078 0.3985313 
0 3.294281 0 -3.4536 
0.07553077 0 -3.293416 0.217126 
0 0 0 1 
-3.293416 0 -0.07553078 0.3985313 
0 3.294281 0 -3.4536 
0.07553077 0 -3.293416 0.217126 
0 0 0 1 
-3.293416 0 -0.07553078 0.3985313 
0 3.294281 0 -3.4536 
0.07553077 0 -3.293416 0.217126 
0 0 0 1 
-3.293416 0 -0.07553078 0.3985313 
0 3.294281 0 -3.4536 
0.07553077 0 -3.293416 0.217126 
0 0 0 1 
-3.293416 0 -0.07553078 0.3985313 
0 3.294281 0 -3.4536 
0.07553077 0 -3.293416 0.217126 
0 0 0 1 
-3.293416 0 -0.07553078 0.3985313 
0 3.294281 0 -3.4536 
0.07553077 0 -3.293416 0.217126 
0 0 0 1 
-3.293416 0 -0.07553078 0.3985313 
0 3.294281 0 -3.4536 
0.07553077 0 -3.293416 0.217126 
0 0 0 1 
-3.293416 0 -0.07553078 0.3985313 
0 3.294281 0 -3.4536 
0.07553077 0 -3.293416 0.217126 
0 0 0 1 
-3.293416 0 -0.07553078 0.3985313 
0 3.294281 0 -3.4536 
0.07553077 0 -3.293416 0.217126 
0 0 0 1 
-3.293416 0 -0.07553078 0.3985313 
0 3.294281 0 -3.4536 
0.07553077 0 -3.293416 0.217126 
0 0 0 1 
-3.293416 0 -0.07553078 0.3985313 
0 3.294281 0 -3.4536 
0.07553077 0 -3.293416 0.217126 
0 0 0 1 
-3.293416 0 -0.07553078 0.3985313 
0 3.294281 0 -3.4536 
0.07553077 0 -3.293416 0.217126 
0 0 0 1 
-3.293416 0 -0.07553078 0.3985313 
0 3.294281 0 -3.4536 
0.07553077 0 -3.293416 0.217126 
0 0 0 1 
-3.293416 0 -0.07553078 0.3985313 
0 3.294281 0 -3.4536 
0.07553077 0 -3.293416 0.217126 
0 0 0 1 
-3.293416 0 -0.07553078 0.3985313 
0 3.294281 0 -3.4536 
0.07553077 0 -3.293416 0.217126 
0 0 0 1 
-3.293416 0 -0.07553078 0.3985313 
0 3.294281 0 -3.4536 
0.07553077 0 -3.293416 0.217126 
0 0 0 1 
-3.293416 0 -0.07553078 0.3985313 
0 3.294281 0 -3.4536 
0.07553077 0 -3.293416 0.217126 
0 0 0 1 
-3.293416 0 -0.07553078 0.3985313 
0 3.294281 0 -3.4536 
0.07553077 0 -3.293416 0.217126 
0 0 0 1 
-3.293416 0 -0.07553078 0.3985313 
0 3.294281 0 -3.4536 
0.07553077 0 -3.293416 0.217126 
0 0 0 1 
-3.293416 0 -0.07553078 0.3985313 
0 3.294281 0 -3.4536 
0.07553077 0 -3.293416 0.217126 
0 0 0 1 
-3.293416 0 -0.07553078 0.3985313 
0 3.294281 0 -3.4536 
0.07553077 0 -3.293416 0.217126 
0 0 0 1 
-3.293416 0 -0.07553078 0.3985313 
0 3.294281 0 -3.4536 
0.07553077 0 -3.293416 0.217126 
0 0 0 1 
-3.293416 0 -0.07553078 0.3985313 
0 3.294281 0 -3.4536 
0.07553077 0 -3.293416 0.217126 
0 0 0 1 
-3.293416 0 -0.07553078 0.3985313 
0 3.294281 0 -3.4536 
0.07553077 0 -3.293416 0.217126 
0 0 0 1 
-3.293416 0 -0.07553078 0.3985313 
0 3.294281 0 -3.4536 
0.07553077 0 -3.293416 0.217126 
0 0 0 1 
-3.293416 0 -0.07553078 0.3985313 
0 3.294281 0 -3.4536 
0.07553077 0 -3.293416 0.217126 
0 0 0 1 
-3.293416 0 -0.07553078 0.3985313 
0 3.294281 0 -3.4536 
0.07553077 0 -3.293416 0.217126 
0 0 0 1 
-3.293416 0 -0.07553078 0.3985313 
0 3.294281 0 -3.4536 
0.07553077 0 -3.293416 0.217126 
0 0 0 1 
-3.293416 0 -0.07553078 0.3985313 
0 3.294281 0 -3.4536 
0.07553077 0 -3.293416 0.217126 
0 0 0 1 
-3.293416 0 -0.07553078 0.3985313 
0 3.294281 0 -3.4536 
0.07553077 0 -3.293416 0.217126 
0 0 0 1 
-3.293416 0 -0.07553078 0.3985313 
0 3.294281 0 -3.4536 
0.07553077 0 -3.293416 0.217126 
0 0 0 1 
-3.293416 0 -0.07553078 0.3985313 
0 3.294281 0 -3.4536 
0.07553077 0 -3.293416 0.217126 
0 0 0 1 
-3.293416 0 -0.07553078 0.3985313 
0 3.294281 0 -3.4536 
0.07553077 0 -3.293416 0.217126 
0 0 0 1 
-3.293416 0 -0.07553078 0.3985313 
0 3.294281 0 -3.4536 
0.07553077 0 -3.293416 0.217126 
0 0 0 1 
-3.293416 0 -0.07553078 0.3985313 
0 3.294281 0 -3.4536 
0.07553077 0 -3.293416 0.217126 
0 0 0 1 
-3.293416 0 -0.07553078 0.3985313 
0 3.294281 0 -3.4536 
0.07553077 0 -3.293416 0.217126 
0 0 0 1 
-3.293416 0 -0.07553078 0.3985313 
0 3.294281 0 -3.4536 
0.07553077 0 -3.293416 0.217126 
0 0 0 1 
-3.293416 0 -0.07553078 0.3985313 
0 3.294281 0 -3.4536 
0.07553077 0 -3.293416 0.217126 
0 0 0 1 
-3.293416 0 -0.07553078 0.3985313 
0 3.294281 0 -3.4536 
0.07553077 0 -3.293416 0.217126 
0 0 0 1 
-3.293416 0 -0.07553078 0.3985313 
0 3.294281 0 -3.4536 
0.07553077 0 -3.293416 0.217126 
0 0 0 1 
-3.293416 0 -0.07553078 0.3985313 
0 3.294281 0 -3.4536 
0.07553077 0 -3.293416 0.217126 
0 0 0 1 
-3.293416 0 -0.07553078 0.3985313 
0 3.294281 0 -3.4536 
0.07553077 0 -3.293416 0.217126 
0 0 0 1 
-3.293416 0 -0.07553078 0.3985313 
0 3.294281 0 -3.4536 
0.07553077 0 -3.293416 0.217126 
0 0 0 1 
-3.293416 0 -0.07553078 0.3985313 
0 3.294281 0 -3.4536 
0.07553077 0 -3.293416 0.217126 
0 0 0 1 
-3.293416 0 -0.07553078 0.3985313 
0 3.294281 0 -3.4536 
0.07553077 0 -3.293416 0.217126 
0 0 0 1 
-3.293416 0 -0.07553078 0.3985313 
0 3.294281 0 -3.4536 
0.07553077 0 -3.293416 0.217126 
0 0 0 1 
-3.293416 0 -0.07553078 0.3985313 
0 3.294281 0 -3.4536 
0.07553077 0 -3.293416 0.217126 
0 0 0 1 
-3.293416 0 -0.07553078 0.3985313 
0 3.294281 0 -3.4536 
0.07553077 0 -3.293416 0.217126 
0 0 0 1 
-3.293416 0 -0.07553078 0.3985313 
0 3.294281 0 -3.4536 
0.07553077 0 -3.293416 0.217126 
0 0 0 1 
-3.293416 0 -0.07553078 0.3985313 
0 3.294281 0 -3.4536 
0.07553077 0 -3.293416 0.217126 
0 0 0 1 
-3.293416 0 -0.07553078 0.3985313 
0 3.294281 0 -3.4536 
0.07553077 0 -3.293416 0.217126 
0 0 0 1 
</float_array>
          <technique_common>
            <accessor count="63" offset="0" source="#_0_0-Matrix-animation-output-transform-array" stride="16">
              <param type="float4x4" />
            </accessor>
          </technique_common>
        </source>
        <source id="_0_0-Interpolations">
          <Name_array id="_0_0-Interpolations-array" count="63">LINEAR
LINEAR
LINEAR
LINEAR
LINEAR
LINEAR
LINEAR
LINEAR
LINEAR
LINEAR
LINEAR
LINEAR
LINEAR
LINEAR
LINEAR
LINEAR
LINEAR
LINEAR
LINEAR
LINEAR
LINEAR
LINEAR
LINEAR
LINEAR
LINEAR
LINEAR
LINEAR
LINEAR
LINEAR
LINEAR
LINEAR
LINEAR
LINEAR
LINEAR
LINEAR
LINEAR
LINEAR
LINEAR
LINEAR
LINEAR
LINEAR
LINEAR
LINEAR
LINEAR
LINEAR
LINEAR
LINEAR
LINEAR
LINEAR
LINEAR
LINEAR
LINEAR
LINEAR
LINEAR
LINEAR
LINEAR
LINEAR
LINEAR
LINEAR
LINEAR
LINEAR
LINEAR
LINEAR</Name_array>
          <technique_common>
            <accessor count="63" offset="0" source="#_0_0-Interpolations-array" stride="1">
              <param type="name" />
            </accessor>
          </technique_common>
        </source>
        <sampler id="_0_0-Matrix-animation-transform">
          <input semantic="INPUT" source="#_0_0-Matrix-animation-input" />
          <input semantic="OUTPUT" source="#_0_0-Matrix-animation-output-transform" />
          <input semantic="INTERPOLATION" source="#_0_0-Interpolations" />
        </sampler>
        <channel source="#_0_0-Matrix-animation-transform" target="/matrix" />
      </animation>
      <animation id="Boy01_Body_Geo_0_1-anim" name="Boy01_Body_Geo_0_1">
        <source id="Boy01_Body_Geo_0_1-Matrix-animation-input">
          <float_array id="Boy01_Body_Geo_0_1-Matrix-animation-input-array" count="63">0
0.01666667
0.03333334
0.05
0.06666667
0.08333334
0.1
0.1166667
0.1333333
0.15
0.1666667
0.1833333
0.2
0.2166667
0.2333333
0.25
0.2666667
0.2833334
0.3
0.3166667
0.3333334
0.3500001
0.3666668
0.3833334
0.4000001
0.4166668
0.4333335
0.4500002
0.4666668
0.4833335
0.5000002
0.5166668
0.5333335
0.5500001
0.5666668
0.5833334
0.6000001
0.6166667
0.6333334
0.65
0.6666667
0.6833333
0.7
0.7166666
0.7333333
0.7499999
0.7666666
0.7833332
0.7999999
0.8166665
0.8333332
0.8499998
0.8666665
0.8833331
0.8999998
0.9166664
0.9333331
0.9499997
0.9666664
0.9833331
0.9999997
1.016666
1.027441
</float_array>
          <technique_common>
            <accessor count="63" offset="0" source="#Boy01_Body_Geo_0_1-Matrix-animation-input-array" stride="1">
              <param name="TIME" type="float" />
            </accessor>
          </technique_common>
        </source>
        <source id="Boy01_Body_Geo_0_1-Matrix-animation-output-transform">
          <float_array id="Boy01_Body_Geo_0_1-Matrix-animation-output-transform-array" count="1008">1 0 0 0 
0 1 0 0 
0 0 1 0 
0 0 0 1 
1 0 0 0 
0 1 0 0 
0 0 1 0 
0 0 0 1 
1 0 0 0 
0 1 0 0 
0 0 1 0 
0 0 0 1 
1 0 0 0 
0 1 0 0 
0 0 1 0 
0 0 0 1 
1 0 0 0 
0 1 0 0 
0 0 1 0 
0 0 0 1 
1 0 0 0 
0 1 0 0 
0 0 1 0 
0 0 0 1 
1 0 0 0 
0 1 0 0 
0 0 1 0 
0 0 0 1 
1 0 0 0 
0 1 0 0 
0 0 1 0 
0 0 0 1 
1 0 0 0 
0 1 0 0 
0 0 1 0 
0 0 0 1 
1 0 0 0 
0 1 0 0 
0 0 1 0 
0 0 0 1 
1 0 0 0 
0 1 0 0 
0 0 1 0 
0 0 0 1 
1 0 0 0 
0 1 0 0 
0 0 1 0 
0 0 0 1 
1 0 0 0 
0 1 0 0 
0 0 1 0 
0 0 0 1 
1 0 0 0 
0 1 0 0 
0 0 1 0 
0 0 0 1 
1 0 0 0 
0 1 0 0 
0 0 1 0 
0 0 0 1 
1 0 0 0 
0 1 0 0 
0 0 1 0 
0 0 0 1 
1 0 0 0 
0 1 0 0 
0 0 1 0 
0 0 0 1 
1 0 0 0 
0 1 0 0 
0 0 1 0 
0 0 0 1 
1 0 0 0 
0 1 0 0 
0 0 1 0 
0 0 0 1 
1 0 0 0 
0 1 0 0 
0 0 1 0 
0 0 0 1 
1 0 0 0 
0 1 0 0 
0 0 1 0 
0 0 0 1 
1 0 0 0 
0 1 0 0 
0 0 1 0 
0 0 0 1 
1 0 0 0 
0 1 0 0 
0 0 1 0 
0 0 0 1 
1 0 0 0 
0 1 0 0 
0 0 1 0 
0 0 0 1 
1 0 0 0 
0 1 0 0 
0 0 1 0 
0 0 0 1 
1 0 0 0 
0 1 0 0 
0 0 1 0 
0 0 0 1 
1 0 0 0 
0 1 0 0 
0 0 1 0 
0 0 0 1 
1 0 0 0 
0 1 0 0 
0 0 1 0 
0 0 0 1 
1 0 0 0 
0 1 0 0 
0 0 1 0 
0 0 0 1 
1 0 0 0 
0 1 0 0 
0 0 1 0 
0 0 0 1 
1 0 0 0 
0 1 0 0 
0 0 1 0 
0 0 0 1 
1 0 0 0 
0 1 0 0 
0 0 1 0 
0 0 0 1 
1 0 0 0 
0 1 0 0 
0 0 1 0 
0 0 0 1 
1 0 0 0 
0 1 0 0 
0 0 1 0 
0 0 0 1 
1 0 0 0 
0 1 0 0 
0 0 1 0 
0 0 0 1 
1 0 0 0 
0 1 0 0 
0 0 1 0 
0 0 0 1 
1 0 0 0 
0 1 0 0 
0 0 1 0 
0 0 0 1 
1 0 0 0 
0 1 0 0 
0 0 1 0 
0 0 0 1 
1 0 0 0 
0 1 0 0 
0 0 1 0 
0 0 0 1 
1 0 0 0 
0 1 0 0 
0 0 1 0 
0 0 0 1 
1 0 0 0 
0 1 0 0 
0 0 1 0 
0 0 0 1 
1 0 0 0 
0 1 0 0 
0 0 1 0 
0 0 0 1 
1 0 0 0 
0 1 0 0 
0 0 1 0 
0 0 0 1 
1 0 0 0 
0 1 0 0 
0 0 1 0 
0 0 0 1 
1 0 0 0 
0 1 0 0 
0 0 1 0 
0 0 0 1 
1 0 0 0 
0 1 0 0 
0 0 1 0 
0 0 0 1 
1 0 0 0 
0 1 0 0 
0 0 1 0 
0 0 0 1 
1 0 0 0 
0 1 0 0 
0 0 1 0 
0 0 0 1 
1 0 0 0 
0 1 0 0 
0 0 1 0 
0 0 0 1 
1 0 0 0 
0 1 0 0 
0 0 1 0 
0 0 0 1 
1 0 0 0 
0 1 0 0 
0 0 1 0 
0 0 0 1 
1 0 0 0 
0 1 0 0 
0 0 1 0 
0 0 0 1 
1 0 0 0 
0 1 0 0 
0 0 1 0 
0 0 0 1 
1 0 0 0 
0 1 0 0 
0 0 1 0 
0 0 0 1 
1 0 0 0 
0 1 0 0 
0 0 1 0 
0 0 0 1 
1 0 0 0 
0 1 0 0 
0 0 1 0 
0 0 0 1 
1 0 0 0 
0 1 0 0 
0 0 1 0 
0 0 0 1 
1 0 0 0 
0 1 0 0 
0 0 1 0 
0 0 0 1 
1 0 0 0 
0 1 0 0 
0 0 1 0 
0 0 0 1 
1 0 0 0 
0 1 0 0 
0 0 1 0 
0 0 0 1 
1 0 0 0 
0 1 0 0 
0 0 1 0 
0 0 0 1 
1 0 0 0 
0 1 0 0 
0 0 1 0 
0 0 0 1 
1 0 0 0 
0 1 0 0 
0 0 1 0 
0 0 0 1 
</float_array>
          <technique_common>
            <accessor count="63" offset="0" source="#Boy01_Body_Geo_0_1-Matrix-animation-output-transform-array" stride="16">
              <param type="float4x4" />
            </accessor>
          </technique_common>
        </source>
        <source id="Boy01_Body_Geo_0_1-Interpolations">
          <Name_array id="Boy01_Body_Geo_0_1-Interpolations-array" count="63">LINEAR
LINEAR
LINEAR
LINEAR
LINEAR
LINEAR
LINEAR
LINEAR
LINEAR
LINEAR
LINEAR
LINEAR
LINEAR
LINEAR
LINEAR
LINEAR
LINEAR
LINEAR
LINEAR
LINEAR
LINEAR
LINEAR
LINEAR
LINEAR
LINEAR
LINEAR
LINEAR
LINEAR
LINEAR
LINEAR
LINEAR
LINEAR
LINEAR
LINEAR
LINEAR
LINEAR
LINEAR
LINEAR
LINEAR
LINEAR
LINEAR
LINEAR
LINEAR
LINEAR
LINEAR
LINEAR
LINEAR
LINEAR
LINEAR
LINEAR
LINEAR
LINEAR
LINEAR
LINEAR
LINEAR
LINEAR
LINEAR
LINEAR
LINEAR
LINEAR
LINEAR
LINEAR
LINEAR</Name_array>
          <technique_common>
            <accessor count="63" offset="0" source="#Boy01_Body_Geo_0_1-Interpolations-array" stride="1">
              <param type="name" />
            </accessor>
          </technique_common>
        </source>
        <sampler id="Boy01_Body_Geo_0_1-Matrix-animation-transform">
          <input semantic="INPUT" source="#Boy01_Body_Geo_0_1-Matrix-animation-input" />
          <input semantic="OUTPUT" source="#Boy01_Body_Geo_0_1-Matrix-animation-output-transform" />
          <input semantic="INTERPOLATION" source="#Boy01_Body_Geo_0_1-Interpolations" />
        </sampler>
        <channel source="#Boy01_Body_Geo_0_1-Matrix-animation-transform" target="Boy01_Body_Geo/matrix" />
      </animation>
      <animation id="Boy01_Brows_Geo_0_2-anim" name="Boy01_Brows_Geo_0_2">
        <source id="Boy01_Brows_Geo_0_2-Matrix-animation-input">
          <float_array id="Boy01_Brows_Geo_0_2-Matrix-animation-input-array" count="63">0
0.01666667
0.03333334
0.05
0.06666667
0.08333334
0.1
0.1166667
0.1333333
0.15
0.1666667
0.1833333
0.2
0.2166667
0.2333333
0.25
0.2666667
0.2833334
0.3
0.3166667
0.3333334
0.3500001
0.3666668
0.3833334
0.4000001
0.4166668
0.4333335
0.4500002
0.4666668
0.4833335
0.5000002
0.5166668
0.5333335
0.5500001
0.5666668
0.5833334
0.6000001
0.6166667
0.6333334
0.65
0.6666667
0.6833333
0.7
0.7166666
0.7333333
0.7499999
0.7666666
0.7833332
0.7999999
0.8166665
0.8333332
0.8499998
0.8666665
0.8833331
0.8999998
0.9166664
0.9333331
0.9499997
0.9666664
0.9833331
0.9999997
1.016666
1.027441
</float_array>
          <technique_common>
            <accessor count="63" offset="0" source="#Boy01_Brows_Geo_0_2-Matrix-animation-input-array" stride="1">
              <param name="TIME" type="float" />
            </accessor>
          </technique_common>
        </source>
        <source id="Boy01_Brows_Geo_0_2-Matrix-animation-output-transform">
          <float_array id="Boy01_Brows_Geo_0_2-Matrix-animation-output-transform-array" count="1008">1 0 0 0 
0 1 0 0 
0 0 1 0 
0 0 0 1 
1 0 0 0 
0 1 0 0 
0 0 1 0 
0 0 0 1 
1 0 0 0 
0 1 0 0 
0 0 1 0 
0 0 0 1 
1 0 0 0 
0 1 0 0 
0 0 1 0 
0 0 0 1 
1 0 0 0 
0 1 0 0 
0 0 1 0 
0 0 0 1 
1 0 0 0 
0 1 0 0 
0 0 1 0 
0 0 0 1 
1 0 0 0 
0 1 0 0 
0 0 1 0 
0 0 0 1 
1 0 0 0 
0 1 0 0 
0 0 1 0 
0 0 0 1 
1 0 0 0 
0 1 0 0 
0 0 1 0 
0 0 0 1 
1 0 0 0 
0 1 0 0 
0 0 1 0 
0 0 0 1 
1 0 0 0 
0 1 0 0 
0 0 1 0 
0 0 0 1 
1 0 0 0 
0 1 0 0 
0 0 1 0 
0 0 0 1 
1 0 0 0 
0 1 0 0 
0 0 1 0 
0 0 0 1 
1 0 0 0 
0 1 0 0 
0 0 1 0 
0 0 0 1 
1 0 0 0 
0 1 0 0 
0 0 1 0 
0 0 0 1 
1 0 0 0 
0 1 0 0 
0 0 1 0 
0 0 0 1 
1 0 0 0 
0 1 0 0 
0 0 1 0 
0 0 0 1 
1 0 0 0 
0 1 0 0 
0 0 1 0 
0 0 0 1 
1 0 0 0 
0 1 0 0 
0 0 1 0 
0 0 0 1 
1 0 0 0 
0 1 0 0 
0 0 1 0 
0 0 0 1 
1 0 0 0 
0 1 0 0 
0 0 1 0 
0 0 0 1 
1 0 0 0 
0 1 0 0 
0 0 1 0 
0 0 0 1 
1 0 0 0 
0 1 0 0 
0 0 1 0 
0 0 0 1 
1 0 0 0 
0 1 0 0 
0 0 1 0 
0 0 0 1 
1 0 0 0 
0 1 0 0 
0 0 1 0 
0 0 0 1 
1 0 0 0 
0 1 0 0 
0 0 1 0 
0 0 0 1 
1 0 0 0 
0 1 0 0 
0 0 1 0 
0 0 0 1 
1 0 0 0 
0 1 0 0 
0 0 1 0 
0 0 0 1 
1 0 0 0 
0 1 0 0 
0 0 1 0 
0 0 0 1 
1 0 0 0 
0 1 0 0 
0 0 1 0 
0 0 0 1 
1 0 0 0 
0 1 0 0 
0 0 1 0 
0 0 0 1 
1 0 0 0 
0 1 0 0 
0 0 1 0 
0 0 0 1 
1 0 0 0 
0 1 0 0 
0 0 1 0 
0 0 0 1 
1 0 0 0 
0 1 0 0 
0 0 1 0 
0 0 0 1 
1 0 0 0 
0 1 0 0 
0 0 1 0 
0 0 0 1 
1 0 0 0 
0 1 0 0 
0 0 1 0 
0 0 0 1 
1 0 0 0 
0 1 0 0 
0 0 1 0 
0 0 0 1 
1 0 0 0 
0 1 0 0 
0 0 1 0 
0 0 0 1 
1 0 0 0 
0 1 0 0 
0 0 1 0 
0 0 0 1 
1 0 0 0 
0 1 0 0 
0 0 1 0 
0 0 0 1 
1 0 0 0 
0 1 0 0 
0 0 1 0 
0 0 0 1 
1 0 0 0 
0 1 0 0 
0 0 1 0 
0 0 0 1 
1 0 0 0 
0 1 0 0 
0 0 1 0 
0 0 0 1 
1 0 0 0 
0 1 0 0 
0 0 1 0 
0 0 0 1 
1 0 0 0 
0 1 0 0 
0 0 1 0 
0 0 0 1 
1 0 0 0 
0 1 0 0 
0 0 1 0 
0 0 0 1 
1 0 0 0 
0 1 0 0 
0 0 1 0 
0 0 0 1 
1 0 0 0 
0 1 0 0 
0 0 1 0 
0 0 0 1 
1 0 0 0 
0 1 0 0 
0 0 1 0 
0 0 0 1 
1 0 0 0 
0 1 0 0 
0 0 1 0 
0 0 0 1 
1 0 0 0 
0 1 0 0 
0 0 1 0 
0 0 0 1 
1 0 0 0 
0 1 0 0 
0 0 1 0 
0 0 0 1 
1 0 0 0 
0 1 0 0 
0 0 1 0 
0 0 0 1 
1 0 0 0 
0 1 0 0 
0 0 1 0 
0 0 0 1 
1 0 0 0 
0 1 0 0 
0 0 1 0 
0 0 0 1 
1 0 0 0 
0 1 0 0 
0 0 1 0 
0 0 0 1 
1 0 0 0 
0 1 0 0 
0 0 1 0 
0 0 0 1 
1 0 0 0 
0 1 0 0 
0 0 1 0 
0 0 0 1 
1 0 0 0 
0 1 0 0 
0 0 1 0 
0 0 0 1 
1 0 0 0 
0 1 0 0 
0 0 1 0 
0 0 0 1 
1 0 0 0 
0 1 0 0 
0 0 1 0 
0 0 0 1 
1 0 0 0 
0 1 0 0 
0 0 1 0 
0 0 0 1 
1 0 0 0 
0 1 0 0 
0 0 1 0 
0 0 0 1 
</float_array>
          <technique_common>
            <accessor count="63" offset="0" source="#Boy01_Brows_Geo_0_2-Matrix-animation-output-transform-array" stride="16">
              <param type="float4x4" />
            </accessor>
          </technique_common>
        </source>
        <source id="Boy01_Brows_Geo_0_2-Interpolations">
          <Name_array id="Boy01_Brows_Geo_0_2-Interpolations-array" count="63">LINEAR
LINEAR
LINEAR
LINEAR
LINEAR
LINEAR
LINEAR
LINEAR
LINEAR
LINEAR
LINEAR
LINEAR
LINEAR
LINEAR
LINEAR
LINEAR
LINEAR
LINEAR
LINEAR
LINEAR
LINEAR
LINEAR
LINEAR
LINEAR
LINEAR
LINEAR
LINEAR
LINEAR
LINEAR
LINEAR
LINEAR
LINEAR
LINEAR
LINEAR
LINEAR
LINEAR
LINEAR
LINEAR
LINEAR
LINEAR
LINEAR
LINEAR
LINEAR
LINEAR
LINEAR
LINEAR
LINEAR
LINEAR
LINEAR
LINEAR
LINEAR
LINEAR
LINEAR
LINEAR
LINEAR
LINEAR
LINEAR
LINEAR
LINEAR
LINEAR
LINEAR
LINEAR
LINEAR</Name_array>
          <technique_common>
            <accessor count="63" offset="0" source="#Boy01_Brows_Geo_0_2-Interpolations-array" stride="1">
              <param type="name" />
            </accessor>
          </technique_common>
        </source>
        <sampler id="Boy01_Brows_Geo_0_2-Matrix-animation-transform">
          <input semantic="INPUT" source="#Boy01_Brows_Geo_0_2-Matrix-animation-input" />
          <input semantic="OUTPUT" source="#Boy01_Brows_Geo_0_2-Matrix-animation-output-transform" />
          <input semantic="INTERPOLATION" source="#Boy01_Brows_Geo_0_2-Interpolations" />
        </sampler>
        <channel source="#Boy01_Brows_Geo_0_2-Matrix-animation-transform" target="Boy01_Brows_Geo/matrix" />
      </animation>
      <animation id="Boy01_Eyes_Geo_0_3-anim" name="Boy01_Eyes_Geo_0_3">
        <source id="Boy01_Eyes_Geo_0_3-Matrix-animation-input">
          <float_array id="Boy01_Eyes_Geo_0_3-Matrix-animation-input-array" count="63">0
0.01666667
0.03333334
0.05
0.06666667
0.08333334
0.1
0.1166667
0.1333333
0.15
0.1666667
0.1833333
0.2
0.2166667
0.2333333
0.25
0.2666667
0.2833334
0.3
0.3166667
0.3333334
0.3500001
0.3666668
0.3833334
0.4000001
0.4166668
0.4333335
0.4500002
0.4666668
0.4833335
0.5000002
0.5166668
0.5333335
0.5500001
0.5666668
0.5833334
0.6000001
0.6166667
0.6333334
0.65
0.6666667
0.6833333
0.7
0.7166666
0.7333333
0.7499999
0.7666666
0.7833332
0.7999999
0.8166665
0.8333332
0.8499998
0.8666665
0.8833331
0.8999998
0.9166664
0.9333331
0.9499997
0.9666664
0.9833331
0.9999997
1.016666
1.027441
</float_array>
          <technique_common>
            <accessor count="63" offset="0" source="#Boy01_Eyes_Geo_0_3-Matrix-animation-input-array" stride="1">
              <param name="TIME" type="float" />
            </accessor>
          </technique_common>
        </source>
        <source id="Boy01_Eyes_Geo_0_3-Matrix-animation-output-transform">
          <float_array id="Boy01_Eyes_Geo_0_3-Matrix-animation-output-transform-array" count="1008">1 0 0 0 
0 1 0 0 
0 0 1 0 
0 0 0 1 
1 0 0 0 
0 1 0 0 
0 0 1 0 
0 0 0 1 
1 0 0 0 
0 1 0 0 
0 0 1 0 
0 0 0 1 
1 0 0 0 
0 1 0 0 
0 0 1 0 
0 0 0 1 
1 0 0 0 
0 1 0 0 
0 0 1 0 
0 0 0 1 
1 0 0 0 
0 1 0 0 
0 0 1 0 
0 0 0 1 
1 0 0 0 
0 1 0 0 
0 0 1 0 
0 0 0 1 
1 0 0 0 
0 1 0 0 
0 0 1 0 
0 0 0 1 
1 0 0 0 
0 1 0 0 
0 0 1 0 
0 0 0 1 
1 0 0 0 
0 1 0 0 
0 0 1 0 
0 0 0 1 
1 0 0 0 
0 1 0 0 
0 0 1 0 
0 0 0 1 
1 0 0 0 
0 1 0 0 
0 0 1 0 
0 0 0 1 
1 0 0 0 
0 1 0 0 
0 0 1 0 
0 0 0 1 
1 0 0 0 
0 1 0 0 
0 0 1 0 
0 0 0 1 
1 0 0 0 
0 1 0 0 
0 0 1 0 
0 0 0 1 
1 0 0 0 
0 1 0 0 
0 0 1 0 
0 0 0 1 
1 0 0 0 
0 1 0 0 
0 0 1 0 
0 0 0 1 
1 0 0 0 
0 1 0 0 
0 0 1 0 
0 0 0 1 
1 0 0 0 
0 1 0 0 
0 0 1 0 
0 0 0 1 
1 0 0 0 
0 1 0 0 
0 0 1 0 
0 0 0 1 
1 0 0 0 
0 1 0 0 
0 0 1 0 
0 0 0 1 
1 0 0 0 
0 1 0 0 
0 0 1 0 
0 0 0 1 
1 0 0 0 
0 1 0 0 
0 0 1 0 
0 0 0 1 
1 0 0 0 
0 1 0 0 
0 0 1 0 
0 0 0 1 
1 0 0 0 
0 1 0 0 
0 0 1 0 
0 0 0 1 
1 0 0 0 
0 1 0 0 
0 0 1 0 
0 0 0 1 
1 0 0 0 
0 1 0 0 
0 0 1 0 
0 0 0 1 
1 0 0 0 
0 1 0 0 
0 0 1 0 
0 0 0 1 
1 0 0 0 
0 1 0 0 
0 0 1 0 
0 0 0 1 
1 0 0 0 
0 1 0 0 
0 0 1 0 
0 0 0 1 
1 0 0 0 
0 1 0 0 
0 0 1 0 
0 0 0 1 
1 0 0 0 
0 1 0 0 
0 0 1 0 
0 0 0 1 
1 0 0 0 
0 1 0 0 
0 0 1 0 
0 0 0 1 
1 0 0 0 
0 1 0 0 
0 0 1 0 
0 0 0 1 
1 0 0 0 
0 1 0 0 
0 0 1 0 
0 0 0 1 
1 0 0 0 
0 1 0 0 
0 0 1 0 
0 0 0 1 
1 0 0 0 
0 1 0 0 
0 0 1 0 
0 0 0 1 
1 0 0 0 
0 1 0 0 
0 0 1 0 
0 0 0 1 
1 0 0 0 
0 1 0 0 
0 0 1 0 
0 0 0 1 
1 0 0 0 
0 1 0 0 
0 0 1 0 
0 0 0 1 
1 0 0 0 
0 1 0 0 
0 0 1 0 
0 0 0 1 
1 0 0 0 
0 1 0 0 
0 0 1 0 
0 0 0 1 
1 0 0 0 
0 1 0 0 
0 0 1 0 
0 0 0 1 
1 0 0 0 
0 1 0 0 
0 0 1 0 
0 0 0 1 
1 0 0 0 
0 1 0 0 
0 0 1 0 
0 0 0 1 
1 0 0 0 
0 1 0 0 
0 0 1 0 
0 0 0 1 
1 0 0 0 
0 1 0 0 
0 0 1 0 
0 0 0 1 
1 0 0 0 
0 1 0 0 
0 0 1 0 
0 0 0 1 
1 0 0 0 
0 1 0 0 
0 0 1 0 
0 0 0 1 
1 0 0 0 
0 1 0 0 
0 0 1 0 
0 0 0 1 
1 0 0 0 
0 1 0 0 
0 0 1 0 
0 0 0 1 
1 0 0 0 
0 1 0 0 
0 0 1 0 
0 0 0 1 
1 0 0 0 
0 1 0 0 
0 0 1 0 
0 0 0 1 
1 0 0 0 
0 1 0 0 
0 0 1 0 
0 0 0 1 
1 0 0 0 
0 1 0 0 
0 0 1 0 
0 0 0 1 
1 0 0 0 
0 1 0 0 
0 0 1 0 
0 0 0 1 
1 0 0 0 
0 1 0 0 
0 0 1 0 
0 0 0 1 
1 0 0 0 
0 1 0 0 
0 0 1 0 
0 0 0 1 
1 0 0 0 
0 1 0 0 
0 0 1 0 
0 0 0 1 
1 0 0 0 
0 1 0 0 
0 0 1 0 
0 0 0 1 
1 0 0 0 
0 1 0 0 
0 0 1 0 
0 0 0 1 
1 0 0 0 
0 1 0 0 
0 0 1 0 
0 0 0 1 
1 0 0 0 
0 1 0 0 
0 0 1 0 
0 0 0 1 
</float_array>
          <technique_common>
            <accessor count="63" offset="0" source="#Boy01_Eyes_Geo_0_3-Matrix-animation-output-transform-array" stride="16">
              <param type="float4x4" />
            </accessor>
          </technique_common>
        </source>
        <source id="Boy01_Eyes_Geo_0_3-Interpolations">
          <Name_array id="Boy01_Eyes_Geo_0_3-Interpolations-array" count="63">LINEAR
LINEAR
LINEAR
LINEAR
LINEAR
LINEAR
LINEAR
LINEAR
LINEAR
LINEAR
LINEAR
LINEAR
LINEAR
LINEAR
LINEAR
LINEAR
LINEAR
LINEAR
LINEAR
LINEAR
LINEAR
LINEAR
LINEAR
LINEAR
LINEAR
LINEAR
LINEAR
LINEAR
LINEAR
LINEAR
LINEAR
LINEAR
LINEAR
LINEAR
LINEAR
LINEAR
LINEAR
LINEAR
LINEAR
LINEAR
LINEAR
LINEAR
LINEAR
LINEAR
LINEAR
LINEAR
LINEAR
LINEAR
LINEAR
LINEAR
LINEAR
LINEAR
LINEAR
LINEAR
LINEAR
LINEAR
LINEAR
LINEAR
LINEAR
LINEAR
LINEAR
LINEAR
LINEAR</Name_array>
          <technique_common>
            <accessor count="63" offset="0" source="#Boy01_Eyes_Geo_0_3-Interpolations-array" stride="1">
              <param type="name" />
            </accessor>
          </technique_common>
        </source>
        <sampler id="Boy01_Eyes_Geo_0_3-Matrix-animation-transform">
          <input semantic="INPUT" source="#Boy01_Eyes_Geo_0_3-Matrix-animation-input" />
          <input semantic="OUTPUT" source="#Boy01_Eyes_Geo_0_3-Matrix-animation-output-transform" />
          <input semantic="INTERPOLATION" source="#Boy01_Eyes_Geo_0_3-Interpolations" />
        </sampler>
        <channel source="#Boy01_Eyes_Geo_0_3-Matrix-animation-transform" target="Boy01_Eyes_Geo/matrix" />
      </animation>
      <animation id="h_Geo_0_4-anim" name="h_Geo_0_4">
        <source id="h_Geo_0_4-Matrix-animation-input">
          <float_array id="h_Geo_0_4-Matrix-animation-input-array" count="63">0
0.01666667
0.03333334
0.05
0.06666667
0.08333334
0.1
0.1166667
0.1333333
0.15
0.1666667
0.1833333
0.2
0.2166667
0.2333333
0.25
0.2666667
0.2833334
0.3
0.3166667
0.3333334
0.3500001
0.3666668
0.3833334
0.4000001
0.4166668
0.4333335
0.4500002
0.4666668
0.4833335
0.5000002
0.5166668
0.5333335
0.5500001
0.5666668
0.5833334
0.6000001
0.6166667
0.6333334
0.65
0.6666667
0.6833333
0.7
0.7166666
0.7333333
0.7499999
0.7666666
0.7833332
0.7999999
0.8166665
0.8333332
0.8499998
0.8666665
0.8833331
0.8999998
0.9166664
0.9333331
0.9499997
0.9666664
0.9833331
0.9999997
1.016666
1.027441
</float_array>
          <technique_common>
            <accessor count="63" offset="0" source="#h_Geo_0_4-Matrix-animation-input-array" stride="1">
              <param name="TIME" type="float" />
            </accessor>
          </technique_common>
        </source>
        <source id="h_Geo_0_4-Matrix-animation-output-transform">
          <float_array id="h_Geo_0_4-Matrix-animation-output-transform-array" count="1008">1 0 0 0 
0 1 0 0 
0 0 1 0 
0 0 0 1 
1 0 0 0 
0 1 0 0 
0 0 1 0 
0 0 0 1 
1 0 0 0 
0 1 0 0 
0 0 1 0 
0 0 0 1 
1 0 0 0 
0 1 0 0 
0 0 1 0 
0 0 0 1 
1 0 0 0 
0 1 0 0 
0 0 1 0 
0 0 0 1 
1 0 0 0 
0 1 0 0 
0 0 1 0 
0 0 0 1 
1 0 0 0 
0 1 0 0 
0 0 1 0 
0 0 0 1 
1 0 0 0 
0 1 0 0 
0 0 1 0 
0 0 0 1 
1 0 0 0 
0 1 0 0 
0 0 1 0 
0 0 0 1 
1 0 0 0 
0 1 0 0 
0 0 1 0 
0 0 0 1 
1 0 0 0 
0 1 0 0 
0 0 1 0 
0 0 0 1 
1 0 0 0 
0 1 0 0 
0 0 1 0 
0 0 0 1 
1 0 0 0 
0 1 0 0 
0 0 1 0 
0 0 0 1 
1 0 0 0 
0 1 0 0 
0 0 1 0 
0 0 0 1 
1 0 0 0 
0 1 0 0 
0 0 1 0 
0 0 0 1 
1 0 0 0 
0 1 0 0 
0 0 1 0 
0 0 0 1 
1 0 0 0 
0 1 0 0 
0 0 1 0 
0 0 0 1 
1 0 0 0 
0 1 0 0 
0 0 1 0 
0 0 0 1 
1 0 0 0 
0 1 0 0 
0 0 1 0 
0 0 0 1 
1 0 0 0 
0 1 0 0 
0 0 1 0 
0 0 0 1 
1 0 0 0 
0 1 0 0 
0 0 1 0 
0 0 0 1 
1 0 0 0 
0 1 0 0 
0 0 1 0 
0 0 0 1 
1 0 0 0 
0 1 0 0 
0 0 1 0 
0 0 0 1 
1 0 0 0 
0 1 0 0 
0 0 1 0 
0 0 0 1 
1 0 0 0 
0 1 0 0 
0 0 1 0 
0 0 0 1 
1 0 0 0 
0 1 0 0 
0 0 1 0 
0 0 0 1 
1 0 0 0 
0 1 0 0 
0 0 1 0 
0 0 0 1 
1 0 0 0 
0 1 0 0 
0 0 1 0 
0 0 0 1 
1 0 0 0 
0 1 0 0 
0 0 1 0 
0 0 0 1 
1 0 0 0 
0 1 0 0 
0 0 1 0 
0 0 0 1 
1 0 0 0 
0 1 0 0 
0 0 1 0 
0 0 0 1 
1 0 0 0 
0 1 0 0 
0 0 1 0 
0 0 0 1 
1 0 0 0 
0 1 0 0 
0 0 1 0 
0 0 0 1 
1 0 0 0 
0 1 0 0 
0 0 1 0 
0 0 0 1 
1 0 0 0 
0 1 0 0 
0 0 1 0 
0 0 0 1 
1 0 0 0 
0 1 0 0 
0 0 1 0 
0 0 0 1 
1 0 0 0 
0 1 0 0 
0 0 1 0 
0 0 0 1 
1 0 0 0 
0 1 0 0 
0 0 1 0 
0 0 0 1 
1 0 0 0 
0 1 0 0 
0 0 1 0 
0 0 0 1 
1 0 0 0 
0 1 0 0 
0 0 1 0 
0 0 0 1 
1 0 0 0 
0 1 0 0 
0 0 1 0 
0 0 0 1 
1 0 0 0 
0 1 0 0 
0 0 1 0 
0 0 0 1 
1 0 0 0 
0 1 0 0 
0 0 1 0 
0 0 0 1 
1 0 0 0 
0 1 0 0 
0 0 1 0 
0 0 0 1 
1 0 0 0 
0 1 0 0 
0 0 1 0 
0 0 0 1 
1 0 0 0 
0 1 0 0 
0 0 1 0 
0 0 0 1 
1 0 0 0 
0 1 0 0 
0 0 1 0 
0 0 0 1 
1 0 0 0 
0 1 0 0 
0 0 1 0 
0 0 0 1 
1 0 0 0 
0 1 0 0 
0 0 1 0 
0 0 0 1 
1 0 0 0 
0 1 0 0 
0 0 1 0 
0 0 0 1 
1 0 0 0 
0 1 0 0 
0 0 1 0 
0 0 0 1 
1 0 0 0 
0 1 0 0 
0 0 1 0 
0 0 0 1 
1 0 0 0 
0 1 0 0 
0 0 1 0 
0 0 0 1 
1 0 0 0 
0 1 0 0 
0 0 1 0 
0 0 0 1 
1 0 0 0 
0 1 0 0 
0 0 1 0 
0 0 0 1 
1 0 0 0 
0 1 0 0 
0 0 1 0 
0 0 0 1 
1 0 0 0 
0 1 0 0 
0 0 1 0 
0 0 0 1 
1 0 0 0 
0 1 0 0 
0 0 1 0 
0 0 0 1 
1 0 0 0 
0 1 0 0 
0 0 1 0 
0 0 0 1 
1 0 0 0 
0 1 0 0 
0 0 1 0 
0 0 0 1 
1 0 0 0 
0 1 0 0 
0 0 1 0 
0 0 0 1 
1 0 0 0 
0 1 0 0 
0 0 1 0 
0 0 0 1 
1 0 0 0 
0 1 0 0 
0 0 1 0 
0 0 0 1 
</float_array>
          <technique_common>
            <accessor count="63" offset="0" source="#h_Geo_0_4-Matrix-animation-output-transform-array" stride="16">
              <param type="float4x4" />
            </accessor>
          </technique_common>
        </source>
        <source id="h_Geo_0_4-Interpolations">
          <Name_array id="h_Geo_0_4-Interpolations-array" count="63">LINEAR
LINEAR
LINEAR
LINEAR
LINEAR
LINEAR
LINEAR
LINEAR
LINEAR
LINEAR
LINEAR
LINEAR
LINEAR
LINEAR
LINEAR
LINEAR
LINEAR
LINEAR
LINEAR
LINEAR
LINEAR
LINEAR
LINEAR
LINEAR
LINEAR
LINEAR
LINEAR
LINEAR
LINEAR
LINEAR
LINEAR
LINEAR
LINEAR
LINEAR
LINEAR
LINEAR
LINEAR
LINEAR
LINEAR
LINEAR
LINEAR
LINEAR
LINEAR
LINEAR
LINEAR
LINEAR
LINEAR
LINEAR
LINEAR
LINEAR
LINEAR
LINEAR
LINEAR
LINEAR
LINEAR
LINEAR
LINEAR
LINEAR
LINEAR
LINEAR
LINEAR
LINEAR
LINEAR</Name_array>
          <technique_common>
            <accessor count="63" offset="0" source="#h_Geo_0_4-Interpolations-array" stride="1">
              <param type="name" />
            </accessor>
          </technique_common>
        </source>
        <sampler id="h_Geo_0_4-Matrix-animation-transform">
          <input semantic="INPUT" source="#h_Geo_0_4-Matrix-animation-input" />
          <input semantic="OUTPUT" source="#h_Geo_0_4-Matrix-animation-output-transform" />
          <input semantic="INTERPOLATION" source="#h_Geo_0_4-Interpolations" />
        </sampler>
        <channel source="#h_Geo_0_4-Matrix-animation-transform" target="h_Geo/matrix" />
      </animation>
      <animation id="Hips_0_5-anim" name="Hips_0_5">
        <source id="Hips_0_5-Matrix-animation-input">
          <float_array id="Hips_0_5-Matrix-animation-input-array" count="63">0
0.01666667
0.03333334
0.05
0.06666667
0.08333334
0.1
0.1166667
0.1333333
0.15
0.1666667
0.1833333
0.2
0.2166667
0.2333333
0.25
0.2666667
0.2833334
0.3
0.3166667
0.3333334
0.3500001
0.3666668
0.3833334
0.4000001
0.4166668
0.4333335
0.4500002
0.4666668
0.4833335
0.5000002
0.5166668
0.5333335
0.5500001
0.5666668
0.5833334
0.6000001
0.6166667
0.6333334
0.65
0.6666667
0.6833333
0.7
0.7166666
0.7333333
0.7499999
0.7666666
0.7833332
0.7999999
0.8166665
0.8333332
0.8499998
0.8666665
0.8833331
0.8999998
0.9166664
0.9333331
0.9499997
0.9666664
0.9833331
0.9999997
1.016666
1.027441
</float_array>
          <technique_common>
            <accessor count="63" offset="0" source="#Hips_0_5-Matrix-animation-input-array" stride="1">
              <param name="TIME" type="float" />
            </accessor>
          </technique_common>
        </source>
        <source id="Hips_0_5-Matrix-animation-output-transform">
          <float_array id="Hips_0_5-Matrix-animation-output-transform-array" count="1008">0.9466089 -0.1422068 0.2893249 4.416815E-09 
0.02966939 0.9320729 0.3610537 0.832392 
-0.3210162 -0.3331926 0.8865277 0.004143002 
0 0 0 1 
0.9466089 -0.1422068 0.2893249 4.416815E-09 
0.02966939 0.9320729 0.3610537 0.832392 
-0.3210162 -0.3331926 0.8865277 0.004143002 
0 0 0 1 
0.9466089 -0.1422068 0.2893249 4.416815E-09 
0.02966939 0.9320729 0.3610537 0.832392 
-0.3210162 -0.3331926 0.8865277 0.004143002 
0 0 0 1 
0.9466089 -0.1422068 0.2893249 4.416815E-09 
0.02966939 0.9320729 0.3610537 0.832392 
-0.3210162 -0.3331926 0.8865277 0.004143002 
0 0 0 1 
0.9466089 -0.1422068 0.2893249 4.416815E-09 
0.02966939 0.9320729 0.3610537 0.832392 
-0.3210162 -0.3331926 0.8865277 0.004143002 
0 0 0 1 
0.9465991 -0.1421852 0.2893675 4.416815E-09 
0.02964129 0.9320834 0.361029 0.832392 
-0.3210476 -0.3331725 0.8865238 0.004143002 
0 0 0 1 
0.9465823 -0.1421477 0.2894411 4.416815E-09 
0.02959301 0.9321019 0.3609852 0.832392 
-0.3211018 -0.3331368 0.8865176 0.004143002 
0 0 0 1 
0.9465654 -0.1421103 0.2895145 4.416815E-09 
0.02954483 0.9321204 0.3609414 0.832392 
-0.3211558 -0.333101 0.8865115 0.004143002 
0 0 0 1 
0.9465483 -0.1420727 0.2895887 4.416815E-09 
0.02949598 0.9321386 0.3608983 0.832392 
-0.3212106 -0.3330659 0.8865049 0.004143002 
0 0 0 1 
0.9465309 -0.1420347 0.2896643 4.416815E-09 
0.02944577 0.9321564 0.3608565 0.832392 
-0.3212666 -0.3330325 0.8864971 0.004143002 
0 0 0 1 
0.9465128 -0.1419963 0.2897424 4.416815E-09 
0.02939337 0.9321733 0.3608171 0.832392 
-0.3213248 -0.3330015 0.8864877 0.004143002 
0 0 0 1 
0.9464934 -0.1419575 0.2898247 4.416815E-09 
0.02933812 0.9321894 0.36078 0.832392 
-0.3213869 -0.332973 0.8864759 0.004143002 
0 0 0 1 
0.9464734 -0.1419183 0.289909 4.416815E-09 
0.02928116 0.9322049 0.3607446 0.832392 
-0.3214508 -0.3329463 0.8864627 0.004143002 
0 0 0 1 
0.9464538 -0.1418789 0.2899925 4.416815E-09 
0.02922404 0.9322201 0.3607099 0.832392 
-0.3215139 -0.3329205 0.8864495 0.004143002 
0 0 0 1 
0.9464353 -0.1418393 0.2900722 4.416815E-09 
0.02916814 0.9322353 0.3606752 0.832392 
-0.3215735 -0.3328948 0.8864375 0.004143002 
0 0 0 1 
0.9464189 -0.1417997 0.2901451 4.416815E-09 
0.02911492 0.9322505 0.3606402 0.832392 
-0.3216266 -0.3328691 0.8864279 0.004143002 
0 0 0 1 
0.9464046 -0.1417605 0.2902107 4.416815E-09 
0.02906434 0.9322653 0.360606 0.832392 
-0.3216731 -0.3328444 0.8864204 0.004143002 
0 0 0 1 
0.9463913 -0.141721 0.2902734 4.416815E-09 
0.02901461 0.93228 0.360572 0.832392 
-0.3217167 -0.33282 0.8864137 0.004143002 
0 0 0 1 
0.9463777 -0.1416806 0.2903375 4.416815E-09 
0.02896399 0.9322953 0.3605366 0.832392 
-0.3217614 -0.3327945 0.8864071 0.004143002 
0 0 0 1 
0.9463624 -0.1416389 0.2904078 4.416815E-09 
0.02891061 0.9323115 0.3604988 0.832392 
-0.3218112 -0.3327667 0.8863994 0.004143002 
0 0 0 1 
0.9463447 -0.1415951 0.290487 4.416815E-09 
0.02885326 0.9323294 0.3604572 0.832392 
-0.3218685 -0.3327352 0.8863904 0.004143002 
0 0 0 1 
0.9463257 -0.1415498 0.2905709 4.416815E-09 
0.0287936 0.9323483 0.3604131 0.832392 
-0.3219297 -0.3327016 0.8863808 0.004143002 
0 0 0 1 
0.9463069 -0.1415043 0.2906541 4.416815E-09 
0.0287341 0.9323671 0.3603691 0.832392 
-0.3219901 -0.3326681 0.8863715 0.004143002 
0 0 0 1 
0.94629 -0.1414601 0.2907307 4.416815E-09 
0.02867727 0.932385 0.3603275 0.832392 
-0.3220449 -0.3326369 0.8863632 0.004143002 
0 0 0 1 
0.9462752 -0.1414174 0.2907997 4.416815E-09 
0.02862387 0.9324018 0.3602883 0.832392 
-0.3220932 -0.332608 0.8863565 0.004143002 
0 0 0 1 
0.9462614 -0.1413753 0.2908648 4.416815E-09 
0.02857217 0.932418 0.3602502 0.832392 
-0.3221381 -0.3325802 0.8863506 0.004143002 
0 0 0 1 
0.9462477 -0.1413329 0.2909301 4.416815E-09 
0.02852003 0.9324342 0.3602124 0.832392 
-0.322183 -0.3325529 0.8863446 0.004143002 
0 0 0 1 
0.9462329 -0.1412894 0.2909995 4.416815E-09 
0.02846541 0.9324507 0.3601741 0.832392 
-0.3222314 -0.3325251 0.8863374 0.004143002 
0 0 0 1 
0.9462157 -0.1412437 0.2910773 4.416815E-09 
0.02840613 0.9324679 0.3601342 0.832392 
-0.322287 -0.3324962 0.886328 0.004143002 
0 0 0 1 
0.9461953 -0.141195 0.2911674 4.416815E-09 
0.02833997 0.9324861 0.3600925 0.832392 
-0.3223528 -0.3324662 0.8863154 0.004143002 
0 0 0 1 
0.9461734 -0.1411448 0.2912629 4.416815E-09 
0.02827065 0.9325046 0.36005 0.832392 
-0.3224231 -0.3324355 0.8863013 0.004143002 
0 0 0 1 
0.9461525 -0.1410951 0.291355 4.416815E-09 
0.02820293 0.9325229 0.3600079 0.832392 
-0.3224906 -0.3324053 0.8862881 0.004143002 
0 0 0 1 
0.9461347 -0.1410479 0.2914354 4.416815E-09 
0.02814148 0.9325404 0.3599673 0.832392 
-0.3225479 -0.3323761 0.8862782 0.004143002 
0 0 0 1 
0.9461206 -0.1410028 0.2915031 4.416815E-09 
0.02808636 0.9325573 0.3599279 0.832392 
-0.3225942 -0.3323479 0.8862718 0.004143002 
0 0 0 1 
0.9461086 -0.1409592 0.2915631 4.416815E-09 
0.02803522 0.9325737 0.3598895 0.832392 
-0.3226338 -0.3323205 0.8862678 0.004143002 
0 0 0 1 
0.9460978 -0.140917 0.2916186 4.416815E-09 
0.02798675 0.9325896 0.3598519 0.832392 
-0.3226697 -0.3322937 0.8862647 0.004143002 
0 0 0 1 
0.946087 -0.1408762 0.291673 4.416815E-09 
0.02793973 0.932605 0.3598155 0.832392 
-0.3227051 -0.3322676 0.8862616 0.004143002 
0 0 0 1 
0.9460763 -0.1408371 0.2917271 4.416815E-09 
0.02789394 0.93262 0.3597804 0.832392 
-0.3227409 -0.3322423 0.8862581 0.004143002 
0 0 0 1 
0.9460658 -0.1407995 0.2917791 4.416815E-09 
0.02785002 0.9326344 0.3597465 0.832392 
-0.3227754 -0.3322178 0.8862547 0.004143002 
0 0 0 1 
0.9460558 -0.1407631 0.2918288 4.416815E-09 
0.02780783 0.9326484 0.3597134 0.832392 
-0.3228081 -0.3321938 0.8862518 0.004143002 
0 0 0 1 
0.9460467 -0.1407274 0.2918759 4.416815E-09 
0.02776718 0.9326622 0.3596807 0.832392 
-0.3228385 -0.3321701 0.8862495 0.004143002 
0 0 0 1 
0.9460384 -0.1406922 0.2919196 4.416815E-09 
0.02772817 0.932676 0.359648 0.832392 
-0.3228661 -0.3321464 0.8862485 0.004143002 
0 0 0 1 
0.9460313 -0.1406577 0.291959 4.416815E-09 
0.02769151 0.9326896 0.3596155 0.832392 
-0.3228898 -0.3321227 0.8862486 0.004143002 
0 0 0 1 
0.946025 -0.1406241 0.2919959 4.416815E-09 
0.02765637 0.932703 0.3595834 0.832392 
-0.3229115 -0.3320993 0.8862495 0.004143002 
0 0 0 1 
0.9460186 -0.1405911 0.2920324 4.416815E-09 
0.02762177 0.9327161 0.3595522 0.832392 
-0.3229331 -0.3320766 0.8862501 0.004143002 
0 0 0 1 
0.9460115 -0.1405588 0.2920712 4.416815E-09 
0.02758646 0.9327286 0.3595223 0.832392 
-0.3229572 -0.332055 0.8862495 0.004143002 
0 0 0 1 
0.9460025 -0.1405272 0.2921152 4.416815E-09 
0.02754935 0.9327406 0.3594941 0.832392 
-0.3229865 -0.3320348 0.8862464 0.004143002 
0 0 0 1 
0.9459938 -0.1404964 0.2921584 4.416815E-09 
0.02751297 0.9327522 0.3594668 0.832392 
-0.3230152 -0.3320152 0.8862433 0.004143002 
0 0 0 1 
0.9459875 -0.1404662 0.2921933 4.416815E-09 
0.0274804 0.9327638 0.3594392 0.832392 
-0.3230364 -0.3319954 0.886243 0.004143002 
0 0 0 1 
0.9459857 -0.1404368 0.2922134 4.416815E-09 
0.02745443 0.9327756 0.3594105 0.832392 
-0.323044 -0.3319746 0.886248 0.004143002 
0 0 0 1 
0.9459878 -0.1404083 0.2922202 4.416815E-09 
0.02743439 0.9327875 0.3593813 0.832392 
-0.3230395 -0.3319534 0.8862575 0.004143002 
0 0 0 1 
0.9459926 -0.1403803 0.2922181 4.416815E-09 
0.02741841 0.9327993 0.3593516 0.832392 
-0.3230268 -0.3319318 0.8862702 0.004143002 
0 0 0 1 
0.9459988 -0.1403528 0.2922114 4.416815E-09 
0.02740468 0.9328113 0.3593217 0.832392 
-0.3230099 -0.3319099 0.8862846 0.004143002 
0 0 0 1 
0.9460051 -0.1403253 0.292204 4.416815E-09 
0.02739148 0.9328235 0.359291 0.832392 
-0.3229924 -0.3318872 0.8862995 0.004143002 
0 0 0 1 
0.9460111 -0.1402976 0.292198 4.416815E-09 
0.02737781 0.9328361 0.3592595 0.832392 
-0.3229761 -0.3318638 0.8863143 0.004143002 
0 0 0 1 
0.9460178 -0.1402695 0.2921898 4.416815E-09 
0.02736508 0.932849 0.3592269 0.832392 
-0.3229575 -0.3318392 0.8863302 0.004143002 
0 0 0 1 
0.946025 -0.1402418 0.2921798 4.416815E-09 
0.02735352 0.932862 0.3591938 0.832392 
-0.3229374 -0.3318141 0.8863469 0.004143002 
0 0 0 1 
0.9460323 -0.1402151 0.2921688 4.416815E-09 
0.02734314 0.932875 0.359161 0.832392 
-0.3229167 -0.3317892 0.8863638 0.004143002 
0 0 0 1 
0.9460396 -0.14019 0.2921574 4.416815E-09 
0.0273342 0.9328875 0.3591292 0.832392 
-0.3228962 -0.3317645 0.8863804 0.004143002 
0 0 0 1 
0.946047 -0.1401665 0.2921447 4.416815E-09 
0.02732704 0.9328997 0.359098 0.832392 
-0.3228752 -0.3317402 0.8863972 0.004143002 
0 0 0 1 
0.9460545 -0.1401438 0.2921312 4.416815E-09 
0.02732096 0.9329118 0.3590672 0.832392 
-0.3228537 -0.3317158 0.8864142 0.004143002 
0 0 0 1 
