<?xml version="1.0" encoding="utf-8"?>
<COLLADA xmlns:xsi="http://www.w3.org/2001/XMLSchema-instance" xmlns:xsd="http://www.w3.org/2001/XMLSchema" version="1.4.1" xmlns="http://www.collada.org/2005/11/COLLADASchema">
  <asset>
    <created>2017-03-30T17:56:40.4419844+08:00</created>
    <modified>2017-03-30T17:56:40.4419844+08:00</modified>
    <unit meter="1" name="meter" />
    <up_axis>Y_UP</up_axis>
    <contributor>
      <authoring_tool>Skele: Character Animation Tools</authoring_tool>
      <comments>https://www.assetstore.unity3d.com/en/#!/content/16899</comments>
    </contributor>
    <revision>1.0</revision>
  </asset>
  <library_animation_clips>
    <animation_clip name="u" start="0" end="1.1277604103088379">
      <instance_animation url="u_0" />
    </animation_clip>
  </library_animation_clips>
  <library_animations>
    <animation id="u_0" name="u">
      <animation id="_0_0-anim" name="_0_0">
        <source id="_0_0-Matrix-animation-input">
          <float_array id="_0_0-Matrix-animation-input-array" count="69">0
0.01666667
0.03333334
0.05
0.06666667
0.08333334
0.1
0.1166667
0.1333333
0.15
0.1666667
0.1833333
0.2
0.2166667
0.2333333
0.25
0.2666667
0.2833334
0.3
0.3166667
0.3333334
0.3500001
0.3666668
0.3833334
0.4000001
0.4166668
0.4333335
0.4500002
0.4666668
0.4833335
0.5000002
0.5166668
0.5333335
0.5500001
0.5666668
0.5833334
0.6000001
0.6166667
0.6333334
0.65
0.6666667
0.6833333
0.7
0.7166666
0.7333333
0.7499999
0.7666666
0.7833332
0.7999999
0.8166665
0.8333332
0.8499998
0.8666665
0.8833331
0.8999998
0.9166664
0.9333331
0.9499997
0.9666664
0.9833331
0.9999997
1.016666
1.033333
1.05
1.066666
1.083333
1.1
1.116666
1.12776
</float_array>
          <technique_common>
            <accessor count="69" offset="0" source="#_0_0-Matrix-animation-input-array" stride="1">
              <param name="TIME" type="float" />
            </accessor>
          </technique_common>
        </source>
        <source id="_0_0-Matrix-animation-output-transform">
          <float_array id="_0_0-Matrix-animation-output-transform-array" count="1104">-3.293416 0 -0.07553078 0.3985313 
0 3.294281 0 -3.4536 
0.07553077 0 -3.293416 0.217126 
0 0 0 1 
-3.293416 0 -0.07553078 0.3985313 
0 3.294281 0 -3.4536 
0.07553077 0 -3.293416 0.217126 
0 0 0 1 
-3.293416 0 -0.07553078 0.3985313 
0 3.294281 0 -3.4536 
0.07553077 0 -3.293416 0.217126 
0 0 0 1 
-3.293416 0 -0.07553078 0.3985313 
0 3.294281 0 -3.4536 
0.07553077 0 -3.293416 0.217126 
0 0 0 1 
-3.293416 0 -0.07553078 0.3985313 
0 3.294281 0 -3.4536 
0.07553077 0 -3.293416 0.217126 
0 0 0 1 
-3.293416 0 -0.07553078 0.3985313 
0 3.294281 0 -3.4536 
0.07553077 0 -3.293416 0.217126 
0 0 0 1 
-3.293416 0 -0.07553078 0.3985313 
0 3.294281 0 -3.4536 
0.07553077 0 -3.293416 0.217126 
0 0 0 1 
-3.293416 0 -0.07553078 0.3985313 
0 3.294281 0 -3.4536 
0.07553077 0 -3.293416 0.217126 
0 0 0 1 
-3.293416 0 -0.07553078 0.3985313 
0 3.294281 0 -3.4536 
0.07553077 0 -3.293416 0.217126 
0 0 0 1 
-3.293416 0 -0.07553078 0.3985313 
0 3.294281 0 -3.4536 
0.07553077 0 -3.293416 0.217126 
0 0 0 1 
-3.293416 0 -0.07553078 0.3985313 
0 3.294281 0 -3.4536 
0.07553077 0 -3.293416 0.217126 
0 0 0 1 
-3.293416 0 -0.07553078 0.3985313 
0 3.294281 0 -3.4536 
0.07553077 0 -3.293416 0.217126 
0 0 0 1 
-3.293416 0 -0.07553078 0.3985313 
0 3.294281 0 -3.4536 
0.07553077 0 -3.293416 0.217126 
0 0 0 1 
-3.293416 0 -0.07553078 0.3985313 
0 3.294281 0 -3.4536 
0.07553077 0 -3.293416 0.217126 
0 0 0 1 
-3.293416 0 -0.07553078 0.3985313 
0 3.294281 0 -3.4536 
0.07553077 0 -3.293416 0.217126 
0 0 0 1 
-3.293416 0 -0.07553078 0.3985313 
0 3.294281 0 -3.4536 
0.07553077 0 -3.293416 0.217126 
0 0 0 1 
-3.293416 0 -0.07553078 0.3985313 
0 3.294281 0 -3.4536 
0.07553077 0 -3.293416 0.217126 
0 0 0 1 
-3.293416 0 -0.07553078 0.3985313 
0 3.294281 0 -3.4536 
0.07553077 0 -3.293416 0.217126 
0 0 0 1 
-3.293416 0 -0.07553078 0.3985313 
0 3.294281 0 -3.4536 
0.07553077 0 -3.293416 0.217126 
0 0 0 1 
-3.293416 0 -0.07553078 0.3985313 
0 3.294281 0 -3.4536 
0.07553077 0 -3.293416 0.217126 
0 0 0 1 
-3.293416 0 -0.07553078 0.3985313 
0 3.294281 0 -3.4536 
0.07553077 0 -3.293416 0.217126 
0 0 0 1 
-3.293416 0 -0.07553078 0.3985313 
0 3.294281 0 -3.4536 
0.07553077 0 -3.293416 0.217126 
0 0 0 1 
-3.293416 0 -0.07553078 0.3985313 
0 3.294281 0 -3.4536 
0.07553077 0 -3.293416 0.217126 
0 0 0 1 
-3.293416 0 -0.07553078 0.3985313 
0 3.294281 0 -3.4536 
0.07553077 0 -3.293416 0.217126 
0 0 0 1 
-3.293416 0 -0.07553078 0.3985313 
0 3.294281 0 -3.4536 
0.07553077 0 -3.293416 0.217126 
0 0 0 1 
-3.293416 0 -0.07553078 0.3985313 
0 3.294281 0 -3.4536 
0.07553077 0 -3.293416 0.217126 
0 0 0 1 
-3.293416 0 -0.07553078 0.3985313 
0 3.294281 0 -3.4536 
0.07553077 0 -3.293416 0.217126 
0 0 0 1 
-3.293416 0 -0.07553078 0.3985313 
0 3.294281 0 -3.4536 
0.07553077 0 -3.293416 0.217126 
0 0 0 1 
-3.293416 0 -0.07553078 0.3985313 
0 3.294281 0 -3.4536 
0.07553077 0 -3.293416 0.217126 
0 0 0 1 
-3.293416 0 -0.07553078 0.3985313 
0 3.294281 0 -3.4536 
0.07553077 0 -3.293416 0.217126 
0 0 0 1 
-3.293416 0 -0.07553078 0.3985313 
0 3.294281 0 -3.4536 
0.07553077 0 -3.293416 0.217126 
0 0 0 1 
-3.293416 0 -0.07553078 0.3985313 
0 3.294281 0 -3.4536 
0.07553077 0 -3.293416 0.217126 
0 0 0 1 
-3.293416 0 -0.07553078 0.3985313 
0 3.294281 0 -3.4536 
0.07553077 0 -3.293416 0.217126 
0 0 0 1 
-3.293416 0 -0.07553078 0.3985313 
0 3.294281 0 -3.4536 
0.07553077 0 -3.293416 0.217126 
0 0 0 1 
-3.293416 0 -0.07553078 0.3985313 
0 3.294281 0 -3.4536 
0.07553077 0 -3.293416 0.217126 
0 0 0 1 
-3.293416 0 -0.07553078 0.3985313 
0 3.294281 0 -3.4536 
0.07553077 0 -3.293416 0.217126 
0 0 0 1 
-3.293416 0 -0.07553078 0.3985313 
0 3.294281 0 -3.4536 
0.07553077 0 -3.293416 0.217126 
0 0 0 1 
-3.293416 0 -0.07553078 0.3985313 
0 3.294281 0 -3.4536 
0.07553077 0 -3.293416 0.217126 
0 0 0 1 
-3.293416 0 -0.07553078 0.3985313 
0 3.294281 0 -3.4536 
0.07553077 0 -3.293416 0.217126 
0 0 0 1 
-3.293416 0 -0.07553078 0.3985313 
0 3.294281 0 -3.4536 
0.07553077 0 -3.293416 0.217126 
0 0 0 1 
-3.293416 0 -0.07553078 0.3985313 
0 3.294281 0 -3.4536 
0.07553077 0 -3.293416 0.217126 
0 0 0 1 
-3.293416 0 -0.07553078 0.3985313 
0 3.294281 0 -3.4536 
0.07553077 0 -3.293416 0.217126 
0 0 0 1 
-3.293416 0 -0.07553078 0.3985313 
0 3.294281 0 -3.4536 
0.07553077 0 -3.293416 0.217126 
0 0 0 1 
-3.293416 0 -0.07553078 0.3985313 
0 3.294281 0 -3.4536 
0.07553077 0 -3.293416 0.217126 
0 0 0 1 
-3.293416 0 -0.07553078 0.3985313 
0 3.294281 0 -3.4536 
0.07553077 0 -3.293416 0.217126 
0 0 0 1 
-3.293416 0 -0.07553078 0.3985313 
0 3.294281 0 -3.4536 
0.07553077 0 -3.293416 0.217126 
0 0 0 1 
-3.293416 0 -0.07553078 0.3985313 
0 3.294281 0 -3.4536 
0.07553077 0 -3.293416 0.217126 
0 0 0 1 
-3.293416 0 -0.07553078 0.3985313 
0 3.294281 0 -3.4536 
0.07553077 0 -3.293416 0.217126 
0 0 0 1 
-3.293416 0 -0.07553078 0.3985313 
0 3.294281 0 -3.4536 
0.07553077 0 -3.293416 0.217126 
0 0 0 1 
-3.293416 0 -0.07553078 0.3985313 
0 3.294281 0 -3.4536 
0.07553077 0 -3.293416 0.217126 
0 0 0 1 
-3.293416 0 -0.07553078 0.3985313 
0 3.294281 0 -3.4536 
0.07553077 0 -3.293416 0.217126 
0 0 0 1 
-3.293416 0 -0.07553078 0.3985313 
0 3.294281 0 -3.4536 
0.07553077 0 -3.293416 0.217126 
0 0 0 1 
-3.293416 0 -0.07553078 0.3985313 
0 3.294281 0 -3.4536 
0.07553077 0 -3.293416 0.217126 
0 0 0 1 
-3.293416 0 -0.07553078 0.3985313 
0 3.294281 0 -3.4536 
0.07553077 0 -3.293416 0.217126 
0 0 0 1 
-3.293416 0 -0.07553078 0.3985313 
0 3.294281 0 -3.4536 
0.07553077 0 -3.293416 0.217126 
0 0 0 1 
-3.293416 0 -0.07553078 0.3985313 
0 3.294281 0 -3.4536 
0.07553077 0 -3.293416 0.217126 
0 0 0 1 
-3.293416 0 -0.07553078 0.3985313 
0 3.294281 0 -3.4536 
0.07553077 0 -3.293416 0.217126 
0 0 0 1 
-3.293416 0 -0.07553078 0.3985313 
0 3.294281 0 -3.4536 
0.07553077 0 -3.293416 0.217126 
0 0 0 1 
-3.293416 0 -0.07553078 0.3985313 
0 3.294281 0 -3.4536 
0.07553077 0 -3.293416 0.217126 
0 0 0 1 
-3.293416 0 -0.07553078 0.3985313 
0 3.294281 0 -3.4536 
0.07553077 0 -3.293416 0.217126 
0 0 0 1 
-3.293416 0 -0.07553078 0.3985313 
0 3.294281 0 -3.4536 
0.07553077 0 -3.293416 0.217126 
0 0 0 1 
-3.293416 0 -0.07553078 0.3985313 
0 3.294281 0 -3.4536 
0.07553077 0 -3.293416 0.217126 
0 0 0 1 
-3.293416 0 -0.07553078 0.3985313 
0 3.294281 0 -3.4536 
0.07553077 0 -3.293416 0.217126 
0 0 0 1 
-3.293416 0 -0.07553078 0.3985313 
0 3.294281 0 -3.4536 
0.07553077 0 -3.293416 0.217126 
0 0 0 1 
-3.293416 0 -0.07553078 0.3985313 
0 3.294281 0 -3.4536 
0.07553077 0 -3.293416 0.217126 
0 0 0 1 
-3.293416 0 -0.07553078 0.3985313 
0 3.294281 0 -3.4536 
0.07553077 0 -3.293416 0.217126 
0 0 0 1 
-3.293416 0 -0.07553078 0.3985313 
0 3.294281 0 -3.4536 
0.07553077 0 -3.293416 0.217126 
0 0 0 1 
-3.293416 0 -0.07553078 0.3985313 
0 3.294281 0 -3.4536 
0.07553077 0 -3.293416 0.217126 
0 0 0 1 
-3.293416 0 -0.07553078 0.3985313 
0 3.294281 0 -3.4536 
0.07553077 0 -3.293416 0.217126 
0 0 0 1 
</float_array>
          <technique_common>
            <accessor count="69" offset="0" source="#_0_0-Matrix-animation-output-transform-array" stride="16">
              <param type="float4x4" />
            </accessor>
          </technique_common>
        </source>
        <source id="_0_0-Interpolations">
          <Name_array id="_0_0-Interpolations-array" count="69">LINEAR
LINEAR
LINEAR
LINEAR
LINEAR
LINEAR
LINEAR
LINEAR
LINEAR
LINEAR
LINEAR
LINEAR
LINEAR
LINEAR
LINEAR
LINEAR
LINEAR
LINEAR
LINEAR
LINEAR
LINEAR
LINEAR
LINEAR
LINEAR
LINEAR
LINEAR
LINEAR
LINEAR
LINEAR
LINEAR
LINEAR
LINEAR
LINEAR
LINEAR
LINEAR
LINEAR
LINEAR
LINEAR
LINEAR
LINEAR
LINEAR
LINEAR
LINEAR
LINEAR
LINEAR
LINEAR
LINEAR
LINEAR
LINEAR
LINEAR
LINEAR
LINEAR
LINEAR
LINEAR
LINEAR
LINEAR
LINEAR
LINEAR
LINEAR
LINEAR
LINEAR
LINEAR
LINEAR
LINEAR
LINEAR
LINEAR
LINEAR
LINEAR
LINEAR</Name_array>
          <technique_common>
            <accessor count="69" offset="0" source="#_0_0-Interpolations-array" stride="1">
              <param type="name" />
            </accessor>
          </technique_common>
        </source>
        <sampler id="_0_0-Matrix-animation-transform">
          <input semantic="INPUT" source="#_0_0-Matrix-animation-input" />
          <input semantic="OUTPUT" source="#_0_0-Matrix-animation-output-transform" />
          <input semantic="INTERPOLATION" source="#_0_0-Interpolations" />
        </sampler>
        <channel source="#_0_0-Matrix-animation-transform" target="/matrix" />
      </animation>
      <animation id="Boy01_Body_Geo_0_1-anim" name="Boy01_Body_Geo_0_1">
        <source id="Boy01_Body_Geo_0_1-Matrix-animation-input">
          <float_array id="Boy01_Body_Geo_0_1-Matrix-animation-input-array" count="69">0
0.01666667
0.03333334
0.05
0.06666667
0.08333334
0.1
0.1166667
0.1333333
0.15
0.1666667
0.1833333
0.2
0.2166667
0.2333333
0.25
0.2666667
0.2833334
0.3
0.3166667
0.3333334
0.3500001
0.3666668
0.3833334
0.4000001
0.4166668
0.4333335
0.4500002
0.4666668
0.4833335
0.5000002
0.5166668
0.5333335
0.5500001
0.5666668
0.5833334
0.6000001
0.6166667
0.6333334
0.65
0.6666667
0.6833333
0.7
0.7166666
0.7333333
0.7499999
0.7666666
0.7833332
0.7999999
0.8166665
0.8333332
0.8499998
0.8666665
0.8833331
0.8999998
0.9166664
0.9333331
0.9499997
0.9666664
0.9833331
0.9999997
1.016666
1.033333
1.05
1.066666
1.083333
1.1
1.116666
1.12776
</float_array>
          <technique_common>
            <accessor count="69" offset="0" source="#Boy01_Body_Geo_0_1-Matrix-animation-input-array" stride="1">
              <param name="TIME" type="float" />
            </accessor>
          </technique_common>
        </source>
        <source id="Boy01_Body_Geo_0_1-Matrix-animation-output-transform">
          <float_array id="Boy01_Body_Geo_0_1-Matrix-animation-output-transform-array" count="1104">1 0 0 0 
0 1 0 0 
0 0 1 0 
0 0 0 1 
1 0 0 0 
0 1 0 0 
0 0 1 0 
0 0 0 1 
1 0 0 0 
0 1 0 0 
0 0 1 0 
0 0 0 1 
1 0 0 0 
0 1 0 0 
0 0 1 0 
0 0 0 1 
1 0 0 0 
0 1 0 0 
0 0 1 0 
0 0 0 1 
1 0 0 0 
0 1 0 0 
0 0 1 0 
0 0 0 1 
1 0 0 0 
0 1 0 0 
0 0 1 0 
0 0 0 1 
1 0 0 0 
0 1 0 0 
0 0 1 0 
0 0 0 1 
1 0 0 0 
0 1 0 0 
0 0 1 0 
0 0 0 1 
1 0 0 0 
0 1 0 0 
0 0 1 0 
0 0 0 1 
1 0 0 0 
0 1 0 0 
0 0 1 0 
0 0 0 1 
1 0 0 0 
0 1 0 0 
0 0 1 0 
0 0 0 1 
1 0 0 0 
0 1 0 0 
0 0 1 0 
0 0 0 1 
1 0 0 0 
0 1 0 0 
0 0 1 0 
0 0 0 1 
1 0 0 0 
0 1 0 0 
0 0 1 0 
0 0 0 1 
1 0 0 0 
0 1 0 0 
0 0 1 0 
0 0 0 1 
1 0 0 0 
0 1 0 0 
0 0 1 0 
0 0 0 1 
1 0 0 0 
0 1 0 0 
0 0 1 0 
0 0 0 1 
1 0 0 0 
0 1 0 0 
0 0 1 0 
0 0 0 1 
1 0 0 0 
0 1 0 0 
0 0 1 0 
0 0 0 1 
1 0 0 0 
0 1 0 0 
0 0 1 0 
0 0 0 1 
1 0 0 0 
0 1 0 0 
0 0 1 0 
0 0 0 1 
1 0 0 0 
0 1 0 0 
0 0 1 0 
0 0 0 1 
1 0 0 0 
0 1 0 0 
0 0 1 0 
0 0 0 1 
1 0 0 0 
0 1 0 0 
0 0 1 0 
0 0 0 1 
1 0 0 0 
0 1 0 0 
0 0 1 0 
0 0 0 1 
1 0 0 0 
0 1 0 0 
0 0 1 0 
0 0 0 1 
1 0 0 0 
0 1 0 0 
0 0 1 0 
0 0 0 1 
1 0 0 0 
0 1 0 0 
0 0 1 0 
0 0 0 1 
1 0 0 0 
0 1 0 0 
0 0 1 0 
0 0 0 1 
1 0 0 0 
0 1 0 0 
0 0 1 0 
0 0 0 1 
1 0 0 0 
0 1 0 0 
0 0 1 0 
0 0 0 1 
1 0 0 0 
0 1 0 0 
0 0 1 0 
0 0 0 1 
1 0 0 0 
0 1 0 0 
0 0 1 0 
0 0 0 1 
1 0 0 0 
0 1 0 0 
0 0 1 0 
0 0 0 1 
1 0 0 0 
0 1 0 0 
0 0 1 0 
0 0 0 1 
1 0 0 0 
0 1 0 0 
0 0 1 0 
0 0 0 1 
1 0 0 0 
0 1 0 0 
0 0 1 0 
0 0 0 1 
1 0 0 0 
0 1 0 0 
0 0 1 0 
0 0 0 1 
1 0 0 0 
0 1 0 0 
0 0 1 0 
0 0 0 1 
1 0 0 0 
0 1 0 0 
0 0 1 0 
0 0 0 1 
1 0 0 0 
0 1 0 0 
0 0 1 0 
0 0 0 1 
1 0 0 0 
0 1 0 0 
0 0 1 0 
0 0 0 1 
1 0 0 0 
0 1 0 0 
0 0 1 0 
0 0 0 1 
1 0 0 0 
0 1 0 0 
0 0 1 0 
0 0 0 1 
1 0 0 0 
0 1 0 0 
0 0 1 0 
0 0 0 1 
1 0 0 0 
0 1 0 0 
0 0 1 0 
0 0 0 1 
1 0 0 0 
0 1 0 0 
0 0 1 0 
0 0 0 1 
1 0 0 0 
0 1 0 0 
0 0 1 0 
0 0 0 1 
1 0 0 0 
0 1 0 0 
0 0 1 0 
0 0 0 1 
1 0 0 0 
0 1 0 0 
0 0 1 0 
0 0 0 1 
1 0 0 0 
0 1 0 0 
0 0 1 0 
0 0 0 1 
1 0 0 0 
0 1 0 0 
0 0 1 0 
0 0 0 1 
1 0 0 0 
0 1 0 0 
0 0 1 0 
0 0 0 1 
1 0 0 0 
0 1 0 0 
0 0 1 0 
0 0 0 1 
1 0 0 0 
0 1 0 0 
0 0 1 0 
0 0 0 1 
1 0 0 0 
0 1 0 0 
0 0 1 0 
0 0 0 1 
1 0 0 0 
0 1 0 0 
0 0 1 0 
0 0 0 1 
1 0 0 0 
0 1 0 0 
0 0 1 0 
0 0 0 1 
1 0 0 0 
0 1 0 0 
0 0 1 0 
0 0 0 1 
1 0 0 0 
0 1 0 0 
0 0 1 0 
0 0 0 1 
1 0 0 0 
0 1 0 0 
0 0 1 0 
0 0 0 1 
1 0 0 0 
0 1 0 0 
0 0 1 0 
0 0 0 1 
1 0 0 0 
0 1 0 0 
0 0 1 0 
0 0 0 1 
1 0 0 0 
0 1 0 0 
0 0 1 0 
0 0 0 1 
1 0 0 0 
0 1 0 0 
0 0 1 0 
0 0 0 1 
1 0 0 0 
0 1 0 0 
0 0 1 0 
0 0 0 1 
1 0 0 0 
0 1 0 0 
0 0 1 0 
0 0 0 1 
1 0 0 0 
0 1 0 0 
0 0 1 0 
0 0 0 1 
</float_array>
          <technique_common>
            <accessor count="69" offset="0" source="#Boy01_Body_Geo_0_1-Matrix-animation-output-transform-array" stride="16">
              <param type="float4x4" />
            </accessor>
          </technique_common>
        </source>
        <source id="Boy01_Body_Geo_0_1-Interpolations">
          <Name_array id="Boy01_Body_Geo_0_1-Interpolations-array" count="69">LINEAR
LINEAR
LINEAR
LINEAR
LINEAR
LINEAR
LINEAR
LINEAR
LINEAR
LINEAR
LINEAR
LINEAR
LINEAR
LINEAR
LINEAR
LINEAR
LINEAR
LINEAR
LINEAR
LINEAR
LINEAR
LINEAR
LINEAR
LINEAR
LINEAR
LINEAR
LINEAR
LINEAR
LINEAR
LINEAR
LINEAR
LINEAR
LINEAR
LINEAR
LINEAR
LINEAR
LINEAR
LINEAR
LINEAR
LINEAR
LINEAR
LINEAR
LINEAR
LINEAR
LINEAR
LINEAR
LINEAR
LINEAR
LINEAR
LINEAR
LINEAR
LINEAR
LINEAR
LINEAR
LINEAR
LINEAR
LINEAR
LINEAR
LINEAR
LINEAR
LINEAR
LINEAR
LINEAR
LINEAR
LINEAR
LINEAR
LINEAR
LINEAR
LINEAR</Name_array>
          <technique_common>
            <accessor count="69" offset="0" source="#Boy01_Body_Geo_0_1-Interpolations-array" stride="1">
              <param type="name" />
            </accessor>
          </technique_common>
        </source>
        <sampler id="Boy01_Body_Geo_0_1-Matrix-animation-transform">
          <input semantic="INPUT" source="#Boy01_Body_Geo_0_1-Matrix-animation-input" />
          <input semantic="OUTPUT" source="#Boy01_Body_Geo_0_1-Matrix-animation-output-transform" />
          <input semantic="INTERPOLATION" source="#Boy01_Body_Geo_0_1-Interpolations" />
        </sampler>
        <channel source="#Boy01_Body_Geo_0_1-Matrix-animation-transform" target="Boy01_Body_Geo/matrix" />
      </animation>
      <animation id="Boy01_Brows_Geo_0_2-anim" name="Boy01_Brows_Geo_0_2">
        <source id="Boy01_Brows_Geo_0_2-Matrix-animation-input">
          <float_array id="Boy01_Brows_Geo_0_2-Matrix-animation-input-array" count="69">0
0.01666667
0.03333334
0.05
0.06666667
0.08333334
0.1
0.1166667
0.1333333
0.15
0.1666667
0.1833333
0.2
0.2166667
0.2333333
0.25
0.2666667
0.2833334
0.3
0.3166667
0.3333334
0.3500001
0.3666668
0.3833334
0.4000001
0.4166668
0.4333335
0.4500002
0.4666668
0.4833335
0.5000002
0.5166668
0.5333335
0.5500001
0.5666668
0.5833334
0.6000001
0.6166667
0.6333334
0.65
0.6666667
0.6833333
0.7
0.7166666
0.7333333
0.7499999
0.7666666
0.7833332
0.7999999
0.8166665
0.8333332
0.8499998
0.8666665
0.8833331
0.8999998
0.9166664
0.9333331
0.9499997
0.9666664
0.9833331
0.9999997
1.016666
1.033333
1.05
1.066666
1.083333
1.1
1.116666
1.12776
</float_array>
          <technique_common>
            <accessor count="69" offset="0" source="#Boy01_Brows_Geo_0_2-Matrix-animation-input-array" stride="1">
              <param name="TIME" type="float" />
            </accessor>
          </technique_common>
        </source>
        <source id="Boy01_Brows_Geo_0_2-Matrix-animation-output-transform">
          <float_array id="Boy01_Brows_Geo_0_2-Matrix-animation-output-transform-array" count="1104">1 0 0 0 
0 1 0 0 
0 0 1 0 
0 0 0 1 
1 0 0 0 
0 1 0 0 
0 0 1 0 
0 0 0 1 
1 0 0 0 
0 1 0 0 
0 0 1 0 
0 0 0 1 
1 0 0 0 
0 1 0 0 
0 0 1 0 
0 0 0 1 
1 0 0 0 
0 1 0 0 
0 0 1 0 
0 0 0 1 
1 0 0 0 
0 1 0 0 
0 0 1 0 
0 0 0 1 
1 0 0 0 
0 1 0 0 
0 0 1 0 
0 0 0 1 
1 0 0 0 
0 1 0 0 
0 0 1 0 
0 0 0 1 
1 0 0 0 
0 1 0 0 
0 0 1 0 
0 0 0 1 
1 0 0 0 
0 1 0 0 
0 0 1 0 
0 0 0 1 
1 0 0 0 
0 1 0 0 
0 0 1 0 
0 0 0 1 
1 0 0 0 
0 1 0 0 
0 0 1 0 
0 0 0 1 
1 0 0 0 
0 1 0 0 
0 0 1 0 
0 0 0 1 
1 0 0 0 
0 1 0 0 
0 0 1 0 
0 0 0 1 
1 0 0 0 
0 1 0 0 
0 0 1 0 
0 0 0 1 
1 0 0 0 
0 1 0 0 
0 0 1 0 
0 0 0 1 
1 0 0 0 
0 1 0 0 
0 0 1 0 
0 0 0 1 
1 0 0 0 
0 1 0 0 
0 0 1 0 
0 0 0 1 
1 0 0 0 
0 1 0 0 
0 0 1 0 
0 0 0 1 
1 0 0 0 
0 1 0 0 
0 0 1 0 
0 0 0 1 
1 0 0 0 
0 1 0 0 
0 0 1 0 
0 0 0 1 
1 0 0 0 
0 1 0 0 
0 0 1 0 
0 0 0 1 
1 0 0 0 
0 1 0 0 
0 0 1 0 
0 0 0 1 
1 0 0 0 
0 1 0 0 
0 0 1 0 
0 0 0 1 
1 0 0 0 
0 1 0 0 
0 0 1 0 
0 0 0 1 
1 0 0 0 
0 1 0 0 
0 0 1 0 
0 0 0 1 
1 0 0 0 
0 1 0 0 
0 0 1 0 
0 0 0 1 
1 0 0 0 
0 1 0 0 
0 0 1 0 
0 0 0 1 
1 0 0 0 
0 1 0 0 
0 0 1 0 
0 0 0 1 
1 0 0 0 
0 1 0 0 
0 0 1 0 
0 0 0 1 
1 0 0 0 
0 1 0 0 
0 0 1 0 
0 0 0 1 
1 0 0 0 
0 1 0 0 
0 0 1 0 
0 0 0 1 
1 0 0 0 
0 1 0 0 
0 0 1 0 
0 0 0 1 
1 0 0 0 
0 1 0 0 
0 0 1 0 
0 0 0 1 
1 0 0 0 
0 1 0 0 
0 0 1 0 
0 0 0 1 
1 0 0 0 
0 1 0 0 
0 0 1 0 
0 0 0 1 
1 0 0 0 
0 1 0 0 
0 0 1 0 
0 0 0 1 
1 0 0 0 
0 1 0 0 
0 0 1 0 
0 0 0 1 
1 0 0 0 
0 1 0 0 
0 0 1 0 
0 0 0 1 
1 0 0 0 
0 1 0 0 
0 0 1 0 
0 0 0 1 
1 0 0 0 
0 1 0 0 
0 0 1 0 
0 0 0 1 
1 0 0 0 
0 1 0 0 
0 0 1 0 
0 0 0 1 
1 0 0 0 
0 1 0 0 
0 0 1 0 
0 0 0 1 
1 0 0 0 
0 1 0 0 
0 0 1 0 
0 0 0 1 
1 0 0 0 
0 1 0 0 
0 0 1 0 
0 0 0 1 
1 0 0 0 
0 1 0 0 
0 0 1 0 
0 0 0 1 
1 0 0 0 
0 1 0 0 
0 0 1 0 
0 0 0 1 
1 0 0 0 
0 1 0 0 
0 0 1 0 
0 0 0 1 
1 0 0 0 
0 1 0 0 
0 0 1 0 
0 0 0 1 
1 0 0 0 
0 1 0 0 
0 0 1 0 
0 0 0 1 
1 0 0 0 
0 1 0 0 
0 0 1 0 
0 0 0 1 
1 0 0 0 
0 1 0 0 
0 0 1 0 
0 0 0 1 
1 0 0 0 
0 1 0 0 
0 0 1 0 
0 0 0 1 
1 0 0 0 
0 1 0 0 
0 0 1 0 
0 0 0 1 
1 0 0 0 
0 1 0 0 
0 0 1 0 
0 0 0 1 
1 0 0 0 
0 1 0 0 
0 0 1 0 
0 0 0 1 
1 0 0 0 
0 1 0 0 
0 0 1 0 
0 0 0 1 
1 0 0 0 
0 1 0 0 
0 0 1 0 
0 0 0 1 
1 0 0 0 
0 1 0 0 
0 0 1 0 
0 0 0 1 
1 0 0 0 
0 1 0 0 
0 0 1 0 
0 0 0 1 
1 0 0 0 
0 1 0 0 
0 0 1 0 
0 0 0 1 
1 0 0 0 
0 1 0 0 
0 0 1 0 
0 0 0 1 
1 0 0 0 
0 1 0 0 
0 0 1 0 
0 0 0 1 
1 0 0 0 
0 1 0 0 
0 0 1 0 
0 0 0 1 
1 0 0 0 
0 1 0 0 
0 0 1 0 
0 0 0 1 
1 0 0 0 
0 1 0 0 
0 0 1 0 
0 0 0 1 
1 0 0 0 
0 1 0 0 
0 0 1 0 
0 0 0 1 
1 0 0 0 
0 1 0 0 
0 0 1 0 
0 0 0 1 
1 0 0 0 
0 1 0 0 
0 0 1 0 
0 0 0 1 
</float_array>
          <technique_common>
            <accessor count="69" offset="0" source="#Boy01_Brows_Geo_0_2-Matrix-animation-output-transform-array" stride="16">
              <param type="float4x4" />
            </accessor>
          </technique_common>
        </source>
        <source id="Boy01_Brows_Geo_0_2-Interpolations">
          <Name_array id="Boy01_Brows_Geo_0_2-Interpolations-array" count="69">LINEAR
LINEAR
LINEAR
LINEAR
LINEAR
LINEAR
LINEAR
LINEAR
LINEAR
LINEAR
LINEAR
LINEAR
LINEAR
LINEAR
LINEAR
LINEAR
LINEAR
LINEAR
LINEAR
LINEAR
LINEAR
LINEAR
LINEAR
LINEAR
LINEAR
LINEAR
LINEAR
LINEAR
LINEAR
LINEAR
LINEAR
LINEAR
LINEAR
LINEAR
LINEAR
LINEAR
LINEAR
LINEAR
LINEAR
LINEAR
LINEAR
LINEAR
LINEAR
LINEAR
LINEAR
LINEAR
LINEAR
LINEAR
LINEAR
LINEAR
LINEAR
LINEAR
LINEAR
LINEAR
LINEAR
LINEAR
LINEAR
LINEAR
LINEAR
LINEAR
LINEAR
LINEAR
LINEAR
LINEAR
LINEAR
LINEAR
LINEAR
LINEAR
LINEAR</Name_array>
          <technique_common>
            <accessor count="69" offset="0" source="#Boy01_Brows_Geo_0_2-Interpolations-array" stride="1">
              <param type="name" />
            </accessor>
          </technique_common>
        </source>
        <sampler id="Boy01_Brows_Geo_0_2-Matrix-animation-transform">
          <input semantic="INPUT" source="#Boy01_Brows_Geo_0_2-Matrix-animation-input" />
          <input semantic="OUTPUT" source="#Boy01_Brows_Geo_0_2-Matrix-animation-output-transform" />
          <input semantic="INTERPOLATION" source="#Boy01_Brows_Geo_0_2-Interpolations" />
        </sampler>
        <channel source="#Boy01_Brows_Geo_0_2-Matrix-animation-transform" target="Boy01_Brows_Geo/matrix" />
      </animation>
      <animation id="Boy01_Eyes_Geo_0_3-anim" name="Boy01_Eyes_Geo_0_3">
        <source id="Boy01_Eyes_Geo_0_3-Matrix-animation-input">
          <float_array id="Boy01_Eyes_Geo_0_3-Matrix-animation-input-array" count="69">0
0.01666667
0.03333334
0.05
0.06666667
0.08333334
0.1
0.1166667
0.1333333
0.15
0.1666667
0.1833333
0.2
0.2166667
0.2333333
0.25
0.2666667
0.2833334
0.3
0.3166667
0.3333334
0.3500001
0.3666668
0.3833334
0.4000001
0.4166668
0.4333335
0.4500002
0.4666668
0.4833335
0.5000002
0.5166668
0.5333335
0.5500001
0.5666668
0.5833334
0.6000001
0.6166667
0.6333334
0.65
0.6666667
0.6833333
0.7
0.7166666
0.7333333
0.7499999
0.7666666
0.7833332
0.7999999
0.8166665
0.8333332
0.8499998
0.8666665
0.8833331
0.8999998
0.9166664
0.9333331
0.9499997
0.9666664
0.9833331
0.9999997
1.016666
1.033333
1.05
1.066666
1.083333
1.1
1.116666
1.12776
</float_array>
          <technique_common>
            <accessor count="69" offset="0" source="#Boy01_Eyes_Geo_0_3-Matrix-animation-input-array" stride="1">
              <param name="TIME" type="float" />
            </accessor>
          </technique_common>
        </source>
        <source id="Boy01_Eyes_Geo_0_3-Matrix-animation-output-transform">
          <float_array id="Boy01_Eyes_Geo_0_3-Matrix-animation-output-transform-array" count="1104">1 0 0 0 
0 1 0 0 
0 0 1 0 
0 0 0 1 
1 0 0 0 
0 1 0 0 
0 0 1 0 
0 0 0 1 
1 0 0 0 
0 1 0 0 
0 0 1 0 
0 0 0 1 
1 0 0 0 
0 1 0 0 
0 0 1 0 
0 0 0 1 
1 0 0 0 
0 1 0 0 
0 0 1 0 
0 0 0 1 
1 0 0 0 
0 1 0 0 
0 0 1 0 
0 0 0 1 
1 0 0 0 
0 1 0 0 
0 0 1 0 
0 0 0 1 
1 0 0 0 
0 1 0 0 
0 0 1 0 
0 0 0 1 
1 0 0 0 
0 1 0 0 
0 0 1 0 
0 0 0 1 
1 0 0 0 
0 1 0 0 
0 0 1 0 
0 0 0 1 
1 0 0 0 
0 1 0 0 
0 0 1 0 
0 0 0 1 
1 0 0 0 
0 1 0 0 
0 0 1 0 
0 0 0 1 
1 0 0 0 
0 1 0 0 
0 0 1 0 
0 0 0 1 
1 0 0 0 
0 1 0 0 
0 0 1 0 
0 0 0 1 
1 0 0 0 
0 1 0 0 
0 0 1 0 
0 0 0 1 
1 0 0 0 
0 1 0 0 
0 0 1 0 
0 0 0 1 
1 0 0 0 
0 1 0 0 
0 0 1 0 
0 0 0 1 
1 0 0 0 
0 1 0 0 
0 0 1 0 
0 0 0 1 
1 0 0 0 
0 1 0 0 
0 0 1 0 
0 0 0 1 
1 0 0 0 
0 1 0 0 
0 0 1 0 
0 0 0 1 
1 0 0 0 
0 1 0 0 
0 0 1 0 
0 0 0 1 
1 0 0 0 
0 1 0 0 
0 0 1 0 
0 0 0 1 
1 0 0 0 
0 1 0 0 
0 0 1 0 
0 0 0 1 
1 0 0 0 
0 1 0 0 
0 0 1 0 
0 0 0 1 
1 0 0 0 
0 1 0 0 
0 0 1 0 
0 0 0 1 
1 0 0 0 
0 1 0 0 
0 0 1 0 
0 0 0 1 
1 0 0 0 
0 1 0 0 
0 0 1 0 
0 0 0 1 
1 0 0 0 
0 1 0 0 
0 0 1 0 
0 0 0 1 
1 0 0 0 
0 1 0 0 
0 0 1 0 
0 0 0 1 
1 0 0 0 
0 1 0 0 
0 0 1 0 
0 0 0 1 
1 0 0 0 
0 1 0 0 
0 0 1 0 
0 0 0 1 
1 0 0 0 
0 1 0 0 
0 0 1 0 
0 0 0 1 
1 0 0 0 
0 1 0 0 
0 0 1 0 
0 0 0 1 
1 0 0 0 
0 1 0 0 
0 0 1 0 
0 0 0 1 
1 0 0 0 
0 1 0 0 
0 0 1 0 
0 0 0 1 
1 0 0 0 
0 1 0 0 
0 0 1 0 
0 0 0 1 
1 0 0 0 
0 1 0 0 
0 0 1 0 
0 0 0 1 
1 0 0 0 
0 1 0 0 
0 0 1 0 
0 0 0 1 
1 0 0 0 
0 1 0 0 
0 0 1 0 
0 0 0 1 
1 0 0 0 
0 1 0 0 
0 0 1 0 
0 0 0 1 
1 0 0 0 
0 1 0 0 
0 0 1 0 
0 0 0 1 
1 0 0 0 
0 1 0 0 
0 0 1 0 
0 0 0 1 
1 0 0 0 
0 1 0 0 
0 0 1 0 
0 0 0 1 
1 0 0 0 
0 1 0 0 
0 0 1 0 
0 0 0 1 
1 0 0 0 
0 1 0 0 
0 0 1 0 
0 0 0 1 
1 0 0 0 
0 1 0 0 
0 0 1 0 
0 0 0 1 
1 0 0 0 
0 1 0 0 
0 0 1 0 
0 0 0 1 
1 0 0 0 
0 1 0 0 
0 0 1 0 
0 0 0 1 
1 0 0 0 
0 1 0 0 
0 0 1 0 
0 0 0 1 
1 0 0 0 
0 1 0 0 
0 0 1 0 
0 0 0 1 
1 0 0 0 
0 1 0 0 
0 0 1 0 
0 0 0 1 
1 0 0 0 
0 1 0 0 
0 0 1 0 
0 0 0 1 
1 0 0 0 
0 1 0 0 
0 0 1 0 
0 0 0 1 
1 0 0 0 
0 1 0 0 
0 0 1 0 
0 0 0 1 
1 0 0 0 
0 1 0 0 
0 0 1 0 
0 0 0 1 
1 0 0 0 
0 1 0 0 
0 0 1 0 
0 0 0 1 
1 0 0 0 
0 1 0 0 
0 0 1 0 
0 0 0 1 
1 0 0 0 
0 1 0 0 
0 0 1 0 
0 0 0 1 
1 0 0 0 
0 1 0 0 
0 0 1 0 
0 0 0 1 
1 0 0 0 
0 1 0 0 
0 0 1 0 
0 0 0 1 
1 0 0 0 
0 1 0 0 
0 0 1 0 
0 0 0 1 
1 0 0 0 
0 1 0 0 
0 0 1 0 
0 0 0 1 
1 0 0 0 
0 1 0 0 
0 0 1 0 
0 0 0 1 
1 0 0 0 
0 1 0 0 
0 0 1 0 
0 0 0 1 
1 0 0 0 
0 1 0 0 
0 0 1 0 
0 0 0 1 
1 0 0 0 
0 1 0 0 
0 0 1 0 
0 0 0 1 
1 0 0 0 
0 1 0 0 
0 0 1 0 
0 0 0 1 
1 0 0 0 
0 1 0 0 
0 0 1 0 
0 0 0 1 
1 0 0 0 
0 1 0 0 
0 0 1 0 
0 0 0 1 
</float_array>
          <technique_common>
            <accessor count="69" offset="0" source="#Boy01_Eyes_Geo_0_3-Matrix-animation-output-transform-array" stride="16">
              <param type="float4x4" />
            </accessor>
          </technique_common>
        </source>
        <source id="Boy01_Eyes_Geo_0_3-Interpolations">
          <Name_array id="Boy01_Eyes_Geo_0_3-Interpolations-array" count="69">LINEAR
LINEAR
LINEAR
LINEAR
LINEAR
LINEAR
LINEAR
LINEAR
LINEAR
LINEAR
LINEAR
LINEAR
LINEAR
LINEAR
LINEAR
LINEAR
LINEAR
LINEAR
LINEAR
LINEAR
LINEAR
LINEAR
LINEAR
LINEAR
LINEAR
LINEAR
LINEAR
LINEAR
LINEAR
LINEAR
LINEAR
LINEAR
LINEAR
LINEAR
LINEAR
LINEAR
LINEAR
LINEAR
LINEAR
LINEAR
LINEAR
LINEAR
LINEAR
LINEAR
LINEAR
LINEAR
LINEAR
LINEAR
LINEAR
LINEAR
LINEAR
LINEAR
LINEAR
LINEAR
LINEAR
LINEAR
LINEAR
LINEAR
LINEAR
LINEAR
LINEAR
LINEAR
LINEAR
LINEAR
LINEAR
LINEAR
LINEAR
LINEAR
LINEAR</Name_array>
          <technique_common>
            <accessor count="69" offset="0" source="#Boy01_Eyes_Geo_0_3-Interpolations-array" stride="1">
              <param type="name" />
            </accessor>
          </technique_common>
        </source>
        <sampler id="Boy01_Eyes_Geo_0_3-Matrix-animation-transform">
          <input semantic="INPUT" source="#Boy01_Eyes_Geo_0_3-Matrix-animation-input" />
          <input semantic="OUTPUT" source="#Boy01_Eyes_Geo_0_3-Matrix-animation-output-transform" />
          <input semantic="INTERPOLATION" source="#Boy01_Eyes_Geo_0_3-Interpolations" />
        </sampler>
        <channel source="#Boy01_Eyes_Geo_0_3-Matrix-animation-transform" target="Boy01_Eyes_Geo/matrix" />
      </animation>
      <animation id="h_Geo_0_4-anim" name="h_Geo_0_4">
        <source id="h_Geo_0_4-Matrix-animation-input">
          <float_array id="h_Geo_0_4-Matrix-animation-input-array" count="69">0
0.01666667
0.03333334
0.05
0.06666667
0.08333334
0.1
0.1166667
0.1333333
0.15
0.1666667
0.1833333
0.2
0.2166667
0.2333333
0.25
0.2666667
0.2833334
0.3
0.3166667
0.3333334
0.3500001
0.3666668
0.3833334
0.4000001
0.4166668
0.4333335
0.4500002
0.4666668
0.4833335
0.5000002
0.5166668
0.5333335
0.5500001
0.5666668
0.5833334
0.6000001
0.6166667
0.6333334
0.65
0.6666667
0.6833333
0.7
0.7166666
0.7333333
0.7499999
0.7666666
0.7833332
0.7999999
0.8166665
0.8333332
0.8499998
0.8666665
0.8833331
0.8999998
0.9166664
0.9333331
0.9499997
0.9666664
0.9833331
0.9999997
1.016666
1.033333
1.05
1.066666
1.083333
1.1
1.116666
1.12776
</float_array>
          <technique_common>
            <accessor count="69" offset="0" source="#h_Geo_0_4-Matrix-animation-input-array" stride="1">
              <param name="TIME" type="float" />
            </accessor>
          </technique_common>
        </source>
        <source id="h_Geo_0_4-Matrix-animation-output-transform">
          <float_array id="h_Geo_0_4-Matrix-animation-output-transform-array" count="1104">1 0 0 0 
0 1 0 0 
0 0 1 0 
0 0 0 1 
1 0 0 0 
0 1 0 0 
0 0 1 0 
0 0 0 1 
1 0 0 0 
0 1 0 0 
0 0 1 0 
0 0 0 1 
1 0 0 0 
0 1 0 0 
0 0 1 0 
0 0 0 1 
1 0 0 0 
0 1 0 0 
0 0 1 0 
0 0 0 1 
1 0 0 0 
0 1 0 0 
0 0 1 0 
0 0 0 1 
1 0 0 0 
0 1 0 0 
0 0 1 0 
0 0 0 1 
1 0 0 0 
0 1 0 0 
0 0 1 0 
0 0 0 1 
1 0 0 0 
0 1 0 0 
0 0 1 0 
0 0 0 1 
1 0 0 0 
0 1 0 0 
0 0 1 0 
0 0 0 1 
1 0 0 0 
0 1 0 0 
0 0 1 0 
0 0 0 1 
1 0 0 0 
0 1 0 0 
0 0 1 0 
0 0 0 1 
1 0 0 0 
0 1 0 0 
0 0 1 0 
0 0 0 1 
1 0 0 0 
0 1 0 0 
0 0 1 0 
0 0 0 1 
1 0 0 0 
0 1 0 0 
0 0 1 0 
0 0 0 1 
1 0 0 0 
0 1 0 0 
0 0 1 0 
0 0 0 1 
1 0 0 0 
0 1 0 0 
0 0 1 0 
0 0 0 1 
1 0 0 0 
0 1 0 0 
0 0 1 0 
0 0 0 1 
1 0 0 0 
0 1 0 0 
0 0 1 0 
0 0 0 1 
1 0 0 0 
0 1 0 0 
0 0 1 0 
0 0 0 1 
1 0 0 0 
0 1 0 0 
0 0 1 0 
0 0 0 1 
1 0 0 0 
0 1 0 0 
0 0 1 0 
0 0 0 1 
1 0 0 0 
0 1 0 0 
0 0 1 0 
0 0 0 1 
1 0 0 0 
0 1 0 0 
0 0 1 0 
0 0 0 1 
1 0 0 0 
0 1 0 0 
0 0 1 0 
0 0 0 1 
1 0 0 0 
0 1 0 0 
0 0 1 0 
0 0 0 1 
1 0 0 0 
0 1 0 0 
0 0 1 0 
0 0 0 1 
1 0 0 0 
0 1 0 0 
0 0 1 0 
0 0 0 1 
1 0 0 0 
0 1 0 0 
0 0 1 0 
0 0 0 1 
1 0 0 0 
0 1 0 0 
0 0 1 0 
0 0 0 1 
1 0 0 0 
0 1 0 0 
0 0 1 0 
0 0 0 1 
1 0 0 0 
0 1 0 0 
0 0 1 0 
0 0 0 1 
1 0 0 0 
0 1 0 0 
0 0 1 0 
0 0 0 1 
1 0 0 0 
0 1 0 0 
0 0 1 0 
0 0 0 1 
1 0 0 0 
0 1 0 0 
0 0 1 0 
0 0 0 1 
1 0 0 0 
0 1 0 0 
0 0 1 0 
0 0 0 1 
1 0 0 0 
0 1 0 0 
0 0 1 0 
0 0 0 1 
1 0 0 0 
0 1 0 0 
0 0 1 0 
0 0 0 1 
1 0 0 0 
0 1 0 0 
0 0 1 0 
0 0 0 1 
1 0 0 0 
0 1 0 0 
0 0 1 0 
0 0 0 1 
1 0 0 0 
0 1 0 0 
0 0 1 0 
0 0 0 1 
1 0 0 0 
0 1 0 0 
0 0 1 0 
0 0 0 1 
1 0 0 0 
0 1 0 0 
0 0 1 0 
0 0 0 1 
1 0 0 0 
0 1 0 0 
0 0 1 0 
0 0 0 1 
1 0 0 0 
0 1 0 0 
0 0 1 0 
0 0 0 1 
1 0 0 0 
0 1 0 0 
0 0 1 0 
0 0 0 1 
1 0 0 0 
0 1 0 0 
0 0 1 0 
0 0 0 1 
1 0 0 0 
0 1 0 0 
0 0 1 0 
0 0 0 1 
1 0 0 0 
0 1 0 0 
0 0 1 0 
0 0 0 1 
1 0 0 0 
0 1 0 0 
0 0 1 0 
0 0 0 1 
1 0 0 0 
0 1 0 0 
0 0 1 0 
0 0 0 1 
1 0 0 0 
0 1 0 0 
0 0 1 0 
0 0 0 1 
1 0 0 0 
0 1 0 0 
0 0 1 0 
0 0 0 1 
1 0 0 0 
0 1 0 0 
0 0 1 0 
0 0 0 1 
1 0 0 0 
0 1 0 0 
0 0 1 0 
0 0 0 1 
1 0 0 0 
0 1 0 0 
0 0 1 0 
0 0 0 1 
1 0 0 0 
0 1 0 0 
0 0 1 0 
0 0 0 1 
1 0 0 0 
0 1 0 0 
0 0 1 0 
0 0 0 1 
1 0 0 0 
0 1 0 0 
0 0 1 0 
0 0 0 1 
1 0 0 0 
0 1 0 0 
0 0 1 0 
0 0 0 1 
1 0 0 0 
0 1 0 0 
0 0 1 0 
0 0 0 1 
1 0 0 0 
0 1 0 0 
0 0 1 0 
0 0 0 1 
1 0 0 0 
0 1 0 0 
0 0 1 0 
0 0 0 1 
1 0 0 0 
0 1 0 0 
0 0 1 0 
0 0 0 1 
1 0 0 0 
0 1 0 0 
0 0 1 0 
0 0 0 1 
1 0 0 0 
0 1 0 0 
0 0 1 0 
0 0 0 1 
1 0 0 0 
0 1 0 0 
0 0 1 0 
0 0 0 1 
1 0 0 0 
0 1 0 0 
0 0 1 0 
0 0 0 1 
1 0 0 0 
0 1 0 0 
0 0 1 0 
0 0 0 1 
</float_array>
          <technique_common>
            <accessor count="69" offset="0" source="#h_Geo_0_4-Matrix-animation-output-transform-array" stride="16">
              <param type="float4x4" />
            </accessor>
          </technique_common>
        </source>
        <source id="h_Geo_0_4-Interpolations">
          <Name_array id="h_Geo_0_4-Interpolations-array" count="69">LINEAR
LINEAR
LINEAR
LINEAR
LINEAR
LINEAR
LINEAR
LINEAR
LINEAR
LINEAR
LINEAR
LINEAR
LINEAR
LINEAR
LINEAR
LINEAR
LINEAR
LINEAR
LINEAR
LINEAR
LINEAR
LINEAR
LINEAR
LINEAR
LINEAR
LINEAR
LINEAR
LINEAR
LINEAR
LINEAR
LINEAR
LINEAR
LINEAR
LINEAR
LINEAR
LINEAR
LINEAR
LINEAR
LINEAR
LINEAR
LINEAR
LINEAR
LINEAR
LINEAR
LINEAR
LINEAR
LINEAR
LINEAR
LINEAR
LINEAR
LINEAR
LINEAR
LINEAR
LINEAR
LINEAR
LINEAR
LINEAR
LINEAR
LINEAR
LINEAR
LINEAR
LINEAR
LINEAR
LINEAR
LINEAR
LINEAR
LINEAR
LINEAR
LINEAR</Name_array>
          <technique_common>
            <accessor count="69" offset="0" source="#h_Geo_0_4-Interpolations-array" stride="1">
              <param type="name" />
            </accessor>
          </technique_common>
        </source>
        <sampler id="h_Geo_0_4-Matrix-animation-transform">
          <input semantic="INPUT" source="#h_Geo_0_4-Matrix-animation-input" />
          <input semantic="OUTPUT" source="#h_Geo_0_4-Matrix-animation-output-transform" />
          <input semantic="INTERPOLATION" source="#h_Geo_0_4-Interpolations" />
        </sampler>
        <channel source="#h_Geo_0_4-Matrix-animation-transform" target="h_Geo/matrix" />
      </animation>
      <animation id="Hips_0_5-anim" name="Hips_0_5">
        <source id="Hips_0_5-Matrix-animation-input">
          <float_array id="Hips_0_5-Matrix-animation-input-array" count="69">0
0.01666667
0.03333334
0.05
0.06666667
0.08333334
0.1
0.1166667
0.1333333
0.15
0.1666667
0.1833333
0.2
0.2166667
0.2333333
0.25
0.2666667
0.2833334
0.3
0.3166667
0.3333334
0.3500001
0.3666668
0.3833334
0.4000001
0.4166668
0.4333335
0.4500002
0.4666668
0.4833335
0.5000002
0.5166668
0.5333335
0.5500001
0.5666668
0.5833334
0.6000001
0.6166667
0.6333334
0.65
0.6666667
0.6833333
0.7
0.7166666
0.7333333
0.7499999
0.7666666
0.7833332
0.7999999
0.8166665
0.8333332
0.8499998
0.8666665
0.8833331
0.8999998
0.9166664
0.9333331
0.9499997
0.9666664
0.9833331
0.9999997
1.016666
1.033333
1.05
1.066666
1.083333
1.1
1.116666
1.12776
</float_array>
          <technique_common>
            <accessor count="69" offset="0" source="#Hips_0_5-Matrix-animation-input-array" stride="1">
              <param name="TIME" type="float" />
            </accessor>
          </technique_common>
        </source>
        <source id="Hips_0_5-Matrix-animation-output-transform">
          <float_array id="Hips_0_5-Matrix-animation-output-transform-array" count="1104">0.9178221 -0.1637779 0.3616342 4.416815E-09 
0.02900941 0.9361696 0.3503497 0.832392 
-0.3959305 -0.3110679 0.8639883 0.004143002 
0 0 0 1 
0.9178221 -0.1637779 0.3616342 4.416815E-09 
0.02900941 0.9361696 0.3503497 0.832392 
-0.3959305 -0.3110679 0.8639883 0.004143002 
0 0 0 1 
0.9178221 -0.1637779 0.3616342 4.416815E-09 
0.02900941 0.9361696 0.3503497 0.832392 
-0.3959305 -0.3110679 0.8639883 0.004143002 
0 0 0 1 
0.9178221 -0.1637779 0.3616342 4.416815E-09 
0.02900941 0.9361696 0.3503497 0.832392 
-0.3959305 -0.3110679 0.8639883 0.004143002 
0 0 0 1 
0.9178221 -0.1637779 0.3616342 4.416815E-09 
0.02900941 0.9361696 0.3503497 0.832392 
-0.3959305 -0.3110679 0.8639883 0.004143002 
0 0 0 1 
0.9178189 -0.1637795 0.3616418 4.416815E-09 
0.02900976 0.9361709 0.3503463 0.832392 
-0.395938 -0.3110633 0.8639865 0.004143002 
0 0 0 1 
0.9178051 -0.1637858 0.3616738 4.416815E-09 
0.02901134 0.9361764 0.3503314 0.832392 
-0.3959697 -0.3110433 0.8639792 0.004143002 
0 0 0 1 
0.9177915 -0.1637922 0.3617055 4.416815E-09 
0.029013 0.9361819 0.3503166 0.832392 
-0.3960012 -0.3110234 0.8639719 0.004143002 
0 0 0 1 
0.9177777 -0.1637986 0.3617377 4.416815E-09 
0.02901453 0.9361874 0.3503017 0.832392 
-0.3960332 -0.3110034 0.8639644 0.004143002 
0 0 0 1 
0.9177633 -0.1638052 0.3617712 4.416815E-09 
0.02901575 0.936193 0.3502868 0.832392 
-0.3960665 -0.3109833 0.8639565 0.004143002 
0 0 0 1 
0.9177482 -0.1638119 0.3618067 4.416815E-09 
0.02901638 0.9361985 0.3502719 0.832392 
-0.3961016 -0.310963 0.8639476 0.004143002 
0 0 0 1 
0.9177325 -0.1638184 0.3618433 4.416815E-09 
0.02901632 0.936204 0.3502572 0.832392 
-0.3961378 -0.310943 0.8639383 0.004143002 
0 0 0 1 
0.9177165 -0.1638249 0.3618811 4.416815E-09 
0.02901588 0.9362096 0.3502425 0.832392 
-0.396175 -0.310923 0.8639284 0.004143002 
0 0 0 1 
0.9176997 -0.1638319 0.3619205 4.416815E-09 
0.02901542 0.9362152 0.3502274 0.832392 
-0.3962139 -0.3109023 0.863918 0.004143002 
0 0 0 1 
0.917682 -0.1638396 0.3619618 4.416815E-09 
0.02901521 0.936221 0.3502119 0.832392 
-0.3962548 -0.3108808 0.863907 0.004143002 
0 0 0 1 
0.9176633 -0.1638484 0.3620053 4.416815E-09 
0.02901581 0.9362271 0.3501954 0.832392 
-0.3962982 -0.3108576 0.8638954 0.004143002 
0 0 0 1 
0.9176433 -0.1638586 0.3620512 4.416815E-09 
0.02901741 0.9362336 0.3501779 0.832392 
-0.3963442 -0.3108326 0.8638833 0.004143002 
0 0 0 1 
0.9176224 -0.1638696 0.3620993 4.416815E-09 
0.0290193 0.9362404 0.3501597 0.832392 
-0.3963925 -0.3108065 0.8638705 0.004143002 
0 0 0 1 
0.9176008 -0.1638807 0.3621492 4.416815E-09 
0.02902068 0.9362472 0.3501415 0.832392 
-0.3964426 -0.3107802 0.863857 0.004143002 
0 0 0 1 
0.9175785 -0.1638913 0.3622009 4.416815E-09 
0.02902072 0.9362538 0.3501236 0.832392 
-0.3964942 -0.3107545 0.8638426 0.004143002 
0 0 0 1 
0.9175547 -0.1639016 0.3622563 4.416815E-09 
0.02901915 0.9362606 0.3501056 0.832392 
-0.3965492 -0.3107287 0.8638266 0.004143002 
0 0 0 1 
0.9175299 -0.1639119 0.3623144 4.416815E-09 
0.02901652 0.9362674 0.3500877 0.832392 
-0.3966067 -0.3107029 0.8638095 0.004143002 
0 0 0 1 
0.9175054 -0.1639217 0.362372 4.416815E-09 
0.02901335 0.936274 0.3500703 0.832392 
-0.3966636 -0.3106778 0.8637924 0.004143002 
0 0 0 1 
0.9174826 -0.1639305 0.3624257 4.416815E-09 
0.02901023 0.9362803 0.3500539 0.832392 
-0.3967166 -0.3106543 0.8637765 0.004143002 
0 0 0 1 
0.9174621 -0.1639382 0.3624744 4.416815E-09 
0.02900706 0.9362859 0.3500389 0.832392 
-0.3967644 -0.3106331 0.8637622 0.004143002 
0 0 0 1 
0.917443 -0.1639448 0.3625198 4.416815E-09 
0.02900361 0.9362913 0.350025 0.832392 
-0.3968089 -0.3106135 0.8637488 0.004143002 
0 0 0 1 
0.9174243 -0.1639512 0.3625639 4.416815E-09 
0.02900006 0.9362964 0.3500114 0.832392 
-0.3968521 -0.3105946 0.8637357 0.004143002 
0 0 0 1 
0.9174055 -0.1639577 0.3626087 4.416815E-09 
0.02899651 0.9363016 0.3499979 0.832392 
-0.396896 -0.3105756 0.8637224 0.004143002 
0 0 0 1 
0.9173855 -0.1639649 0.3626561 4.416815E-09 
0.02899312 0.9363071 0.3499835 0.832392 
-0.3969425 -0.3105552 0.8637084 0.004143002 
0 0 0 1 
0.9173639 -0.1639731 0.362707 4.416815E-09 
0.02898977 0.9363129 0.3499683 0.832392 
-0.3969926 -0.3105335 0.8636932 0.004143002 
0 0 0 1 
0.9173415 -0.1639817 0.3627596 4.416815E-09 
0.02898644 0.9363188 0.3499526 0.832392 
-0.3970445 -0.310511 0.8636774 0.004143002 
0 0 0 1 
0.9173193 -0.1639904 0.362812 4.416815E-09 
0.02898327 0.9363248 0.349937 0.832392 
-0.3970961 -0.3104885 0.8636618 0.004143002 
0 0 0 1 
0.9172981 -0.1639987 0.3628619 4.416815E-09 
0.0289804 0.9363305 0.3499219 0.832392 
-0.3971454 -0.3104668 0.8636469 0.004143002 
0 0 0 1 
0.9172778 -0.1640066 0.3629096 4.416815E-09 
0.02897766 0.936336 0.3499073 0.832392 
-0.3971924 -0.3104459 0.8636328 0.004143002 
0 0 0 1 
0.917258 -0.1640142 0.362956 4.416815E-09 
0.02897503 0.9363415 0.3498929 0.832392 
-0.3972382 -0.3104253 0.8636191 0.004143002 
0 0 0 1 
0.9172391 -0.1640217 0.3630004 4.416815E-09 
0.02897283 0.9363468 0.3498788 0.832392 
-0.3972819 -0.3104054 0.8636061 0.004143002 
0 0 0 1 
0.9172214 -0.1640291 0.3630417 4.416815E-09 
0.02897135 0.9363518 0.3498656 0.832392 
-0.3973229 -0.3103864 0.8635941 0.004143002 
0 0 0 1 
0.9172053 -0.1640362 0.3630792 4.416815E-09 
0.02897062 0.9363565 0.3498532 0.832392 
-0.3973601 -0.3103685 0.8635834 0.004143002 
0 0 0 1 
0.9171906 -0.164043 0.3631133 4.416815E-09 
0.02897028 0.9363608 0.3498416 0.832392 
-0.3973941 -0.310352 0.8635737 0.004143002 
0 0 0 1 
0.917177 -0.1640497 0.3631448 4.416815E-09 
0.02897062 0.9363649 0.3498306 0.832392 
-0.3974257 -0.3103361 0.863565 0.004143002 
0 0 0 1 
0.9171638 -0.1640569 0.3631746 4.416815E-09 
0.02897202 0.9363689 0.3498197 0.832392 
-0.3974558 -0.3103201 0.8635568 0.004143002 
0 0 0 1 
0.917151 -0.164065 0.3632035 4.416815E-09 
0.02897484 0.936373 0.3498087 0.832392 
-0.3974853 -0.3103036 0.8635492 0.004143002 
0 0 0 1 
0.9171385 -0.1640742 0.3632309 4.416815E-09 
0.02897932 0.936377 0.3497976 0.832392 
-0.3975138 -0.3102866 0.8635421 0.004143002 
0 0 0 1 
0.9171265 -0.1640842 0.3632567 4.416815E-09 
0.02898517 0.9363809 0.3497865 0.832392 
-0.3975411 -0.3102694 0.8635358 0.004143002 
0 0 0 1 
0.9171149 -0.1640947 0.3632813 4.416815E-09 
0.02899195 0.9363849 0.3497755 0.832392 
-0.3975674 -0.310252 0.8635299 0.004143002 
0 0 0 1 
0.9171035 -0.1641055 0.3633052 4.416815E-09 
0.0289993 0.9363889 0.3497642 0.832392 
-0.3975932 -0.3102344 0.8635244 0.004143002 
0 0 0 1 
0.9170922 -0.1641163 0.3633288 4.416815E-09 
0.02900709 0.9363929 0.3497526 0.832392 
-0.3976186 -0.3102162 0.8635192 0.004143002 
0 0 0 1 
