<?xml version="1.0" encoding="utf-8"?>
<COLLADA xmlns:xsi="http://www.w3.org/2001/XMLSchema-instance" xmlns:xsd="http://www.w3.org/2001/XMLSchema" version="1.4.1" xmlns="http://www.collada.org/2005/11/COLLADASchema">
  <asset>
    <created>2017-03-30T14:39:05.5542813+08:00</created>
    <modified>2017-03-30T14:39:05.5542813+08:00</modified>
    <unit meter="1" name="meter" />
    <up_axis>Y_UP</up_axis>
    <contributor>
      <authoring_tool>Skele: Character Animation Tools</authoring_tool>
      <comments>https://www.assetstore.unity3d.com/en/#!/content/16899</comments>
    </contributor>
    <revision>1.0</revision>
  </asset>
  <library_animation_clips>
    <animation_clip name="say" start="0" end="0.92199116945266724">
      <instance_animation url="say_0" />
    </animation_clip>
  </library_animation_clips>
  <library_animations>
    <animation id="say_0" name="say">
      <animation id="_0_0-anim" name="_0_0">
        <source id="_0_0-Matrix-animation-input">
          <float_array id="_0_0-Matrix-animation-input-array" count="57">0
0.01666667
0.03333334
0.05
0.06666667
0.08333334
0.1
0.1166667
0.1333333
0.15
0.1666667
0.1833333
0.2
0.2166667
0.2333333
0.25
0.2666667
0.2833334
0.3
0.3166667
0.3333334
0.3500001
0.3666668
0.3833334
0.4000001
0.4166668
0.4333335
0.4500002
0.4666668
0.4833335
0.5000002
0.5166668
0.5333335
0.5500001
0.5666668
0.5833334
0.6000001
0.6166667
0.6333334
0.65
0.6666667
0.6833333
0.7
0.7166666
0.7333333
0.7499999
0.7666666
0.7833332
0.7999999
0.8166665
0.8333332
0.8499998
0.8666665
0.8833331
0.8999998
0.9166664
0.9219912
</float_array>
          <technique_common>
            <accessor count="57" offset="0" source="#_0_0-Matrix-animation-input-array" stride="1">
              <param name="TIME" type="float" />
            </accessor>
          </technique_common>
        </source>
        <source id="_0_0-Matrix-animation-output-transform">
          <float_array id="_0_0-Matrix-animation-output-transform-array" count="912">-3.265421 0 -0.4351119 0.5092431 
0 3.294281 0 -3.4536 
0.4351119 0 -3.265421 0.2745262 
0 0 0 1 
-3.265421 0 -0.4351119 0.5092431 
0 3.294281 0 -3.4536 
0.4351119 0 -3.265421 0.2745262 
0 0 0 1 
-3.265421 0 -0.4351119 0.5092431 
0 3.294281 0 -3.4536 
0.4351119 0 -3.265421 0.2745262 
0 0 0 1 
-3.265421 0 -0.4351119 0.5092431 
0 3.294281 0 -3.4536 
0.4351119 0 -3.265421 0.2745262 
0 0 0 1 
-3.265421 0 -0.4351119 0.5092431 
0 3.294281 0 -3.4536 
0.4351119 0 -3.265421 0.2745262 
0 0 0 1 
-3.265421 0 -0.4351119 0.5092431 
0 3.294281 0 -3.4536 
0.4351119 0 -3.265421 0.2745262 
0 0 0 1 
-3.265421 0 -0.4351119 0.5092431 
0 3.294281 0 -3.4536 
0.4351119 0 -3.265421 0.2745262 
0 0 0 1 
-3.265421 0 -0.4351119 0.5092431 
0 3.294281 0 -3.4536 
0.4351119 0 -3.265421 0.2745262 
0 0 0 1 
-3.265421 0 -0.4351119 0.5092431 
0 3.294281 0 -3.4536 
0.4351119 0 -3.265421 0.2745262 
0 0 0 1 
-3.265421 0 -0.4351119 0.5092431 
0 3.294281 0 -3.4536 
0.4351119 0 -3.265421 0.2745262 
0 0 0 1 
-3.265421 0 -0.4351119 0.5092431 
0 3.294281 0 -3.4536 
0.4351119 0 -3.265421 0.2745262 
0 0 0 1 
-3.265421 0 -0.4351119 0.5092431 
0 3.294281 0 -3.4536 
0.4351119 0 -3.265421 0.2745262 
0 0 0 1 
-3.265421 0 -0.4351119 0.5092431 
0 3.294281 0 -3.4536 
0.4351119 0 -3.265421 0.2745262 
0 0 0 1 
-3.265421 0 -0.4351119 0.5092431 
0 3.294281 0 -3.4536 
0.4351119 0 -3.265421 0.2745262 
0 0 0 1 
-3.265421 0 -0.4351119 0.5092431 
0 3.294281 0 -3.4536 
0.4351119 0 -3.265421 0.2745262 
0 0 0 1 
-3.265421 0 -0.4351119 0.5092431 
0 3.294281 0 -3.4536 
0.4351119 0 -3.265421 0.2745262 
0 0 0 1 
-3.265421 0 -0.4351119 0.5092431 
0 3.294281 0 -3.4536 
0.4351119 0 -3.265421 0.2745262 
0 0 0 1 
-3.265421 0 -0.4351119 0.5092431 
0 3.294281 0 -3.4536 
0.4351119 0 -3.265421 0.2745262 
0 0 0 1 
-3.265421 0 -0.4351119 0.5092431 
0 3.294281 0 -3.4536 
0.4351119 0 -3.265421 0.2745262 
0 0 0 1 
-3.265421 0 -0.4351119 0.5092431 
0 3.294281 0 -3.4536 
0.4351119 0 -3.265421 0.2745262 
0 0 0 1 
-3.265421 0 -0.4351119 0.5092431 
0 3.294281 0 -3.4536 
0.4351119 0 -3.265421 0.2745262 
0 0 0 1 
-3.265421 0 -0.4351119 0.5092431 
0 3.294281 0 -3.4536 
0.4351119 0 -3.265421 0.2745262 
0 0 0 1 
-3.265421 0 -0.4351119 0.5092431 
0 3.294281 0 -3.4536 
0.4351119 0 -3.265421 0.2745262 
0 0 0 1 
-3.265421 0 -0.4351119 0.5092431 
0 3.294281 0 -3.4536 
0.4351119 0 -3.265421 0.2745262 
0 0 0 1 
-3.265421 0 -0.4351119 0.5092431 
0 3.294281 0 -3.4536 
0.4351119 0 -3.265421 0.2745262 
0 0 0 1 
-3.265421 0 -0.4351119 0.5092431 
0 3.294281 0 -3.4536 
0.4351119 0 -3.265421 0.2745262 
0 0 0 1 
-3.265421 0 -0.4351119 0.5092431 
0 3.294281 0 -3.4536 
0.4351119 0 -3.265421 0.2745262 
0 0 0 1 
-3.265421 0 -0.4351119 0.5092431 
0 3.294281 0 -3.4536 
0.4351119 0 -3.265421 0.2745262 
0 0 0 1 
-3.265421 0 -0.4351119 0.5092431 
0 3.294281 0 -3.4536 
0.4351119 0 -3.265421 0.2745262 
0 0 0 1 
-3.265421 0 -0.4351119 0.5092431 
0 3.294281 0 -3.4536 
0.4351119 0 -3.265421 0.2745262 
0 0 0 1 
-3.265421 0 -0.4351119 0.5092431 
0 3.294281 0 -3.4536 
0.4351119 0 -3.265421 0.2745262 
0 0 0 1 
-3.265421 0 -0.4351119 0.5092431 
0 3.294281 0 -3.4536 
0.4351119 0 -3.265421 0.2745262 
0 0 0 1 
-3.265421 0 -0.4351119 0.5092431 
0 3.294281 0 -3.4536 
0.4351119 0 -3.265421 0.2745262 
0 0 0 1 
-3.265421 0 -0.4351119 0.5092431 
0 3.294281 0 -3.4536 
0.4351119 0 -3.265421 0.2745262 
0 0 0 1 
-3.265421 0 -0.4351119 0.5092431 
0 3.294281 0 -3.4536 
0.4351119 0 -3.265421 0.2745262 
0 0 0 1 
-3.265421 0 -0.4351119 0.5092431 
0 3.294281 0 -3.4536 
0.4351119 0 -3.265421 0.2745262 
0 0 0 1 
-3.265421 0 -0.4351119 0.5092431 
0 3.294281 0 -3.4536 
0.4351119 0 -3.265421 0.2745262 
0 0 0 1 
-3.265421 0 -0.4351119 0.5092431 
0 3.294281 0 -3.4536 
0.4351119 0 -3.265421 0.2745262 
0 0 0 1 
-3.265421 0 -0.4351119 0.5092431 
0 3.294281 0 -3.4536 
0.4351119 0 -3.265421 0.2745262 
0 0 0 1 
-3.265421 0 -0.4351119 0.5092431 
0 3.294281 0 -3.4536 
0.4351119 0 -3.265421 0.2745262 
0 0 0 1 
-3.265421 0 -0.4351119 0.5092431 
0 3.294281 0 -3.4536 
0.4351119 0 -3.265421 0.2745262 
0 0 0 1 
-3.265421 0 -0.4351119 0.5092431 
0 3.294281 0 -3.4536 
0.4351119 0 -3.265421 0.2745262 
0 0 0 1 
-3.265421 0 -0.4351119 0.5092431 
0 3.294281 0 -3.4536 
0.4351119 0 -3.265421 0.2745262 
0 0 0 1 
-3.265421 0 -0.4351119 0.5092431 
0 3.294281 0 -3.4536 
0.4351119 0 -3.265421 0.2745262 
0 0 0 1 
-3.265421 0 -0.4351119 0.5092431 
0 3.294281 0 -3.4536 
0.4351119 0 -3.265421 0.2745262 
0 0 0 1 
-3.265421 0 -0.4351119 0.5092431 
0 3.294281 0 -3.4536 
0.4351119 0 -3.265421 0.2745262 
0 0 0 1 
-3.265421 0 -0.4351119 0.5092431 
0 3.294281 0 -3.4536 
0.4351119 0 -3.265421 0.2745262 
0 0 0 1 
-3.265421 0 -0.4351119 0.5092431 
0 3.294281 0 -3.4536 
0.4351119 0 -3.265421 0.2745262 
0 0 0 1 
-3.265421 0 -0.4351119 0.5092431 
0 3.294281 0 -3.4536 
0.4351119 0 -3.265421 0.2745262 
0 0 0 1 
-3.265421 0 -0.4351119 0.5092431 
0 3.294281 0 -3.4536 
0.4351119 0 -3.265421 0.2745262 
0 0 0 1 
-3.265421 0 -0.4351119 0.5092431 
0 3.294281 0 -3.4536 
0.4351119 0 -3.265421 0.2745262 
0 0 0 1 
-3.265421 0 -0.4351119 0.5092431 
0 3.294281 0 -3.4536 
0.4351119 0 -3.265421 0.2745262 
0 0 0 1 
-3.265421 0 -0.4351119 0.5092431 
0 3.294281 0 -3.4536 
0.4351119 0 -3.265421 0.2745262 
0 0 0 1 
-3.265421 0 -0.4351119 0.5092431 
0 3.294281 0 -3.4536 
0.4351119 0 -3.265421 0.2745262 
0 0 0 1 
-3.265421 0 -0.4351119 0.5092431 
0 3.294281 0 -3.4536 
0.4351119 0 -3.265421 0.2745262 
0 0 0 1 
-3.265421 0 -0.4351119 0.5092431 
0 3.294281 0 -3.4536 
0.4351119 0 -3.265421 0.2745262 
0 0 0 1 
-3.265421 0 -0.4351119 0.5092431 
0 3.294281 0 -3.4536 
0.4351119 0 -3.265421 0.2745262 
0 0 0 1 
</float_array>
          <technique_common>
            <accessor count="57" offset="0" source="#_0_0-Matrix-animation-output-transform-array" stride="16">
              <param type="float4x4" />
            </accessor>
          </technique_common>
        </source>
        <source id="_0_0-Interpolations">
          <Name_array id="_0_0-Interpolations-array" count="57">LINEAR
LINEAR
LINEAR
LINEAR
LINEAR
LINEAR
LINEAR
LINEAR
LINEAR
LINEAR
LINEAR
LINEAR
LINEAR
LINEAR
LINEAR
LINEAR
LINEAR
LINEAR
LINEAR
LINEAR
LINEAR
LINEAR
LINEAR
LINEAR
LINEAR
LINEAR
LINEAR
LINEAR
LINEAR
LINEAR
LINEAR
LINEAR
LINEAR
LINEAR
LINEAR
LINEAR
LINEAR
LINEAR
LINEAR
LINEAR
LINEAR
LINEAR
LINEAR
LINEAR
LINEAR
LINEAR
LINEAR
LINEAR
LINEAR
LINEAR
LINEAR
LINEAR
LINEAR
LINEAR
LINEAR
LINEAR
LINEAR</Name_array>
          <technique_common>
            <accessor count="57" offset="0" source="#_0_0-Interpolations-array" stride="1">
              <param type="name" />
            </accessor>
          </technique_common>
        </source>
        <sampler id="_0_0-Matrix-animation-transform">
          <input semantic="INPUT" source="#_0_0-Matrix-animation-input" />
          <input semantic="OUTPUT" source="#_0_0-Matrix-animation-output-transform" />
          <input semantic="INTERPOLATION" source="#_0_0-Interpolations" />
        </sampler>
        <channel source="#_0_0-Matrix-animation-transform" target="/matrix" />
      </animation>
      <animation id="Boy01_Body_Geo_0_1-anim" name="Boy01_Body_Geo_0_1">
        <source id="Boy01_Body_Geo_0_1-Matrix-animation-input">
          <float_array id="Boy01_Body_Geo_0_1-Matrix-animation-input-array" count="57">0
0.01666667
0.03333334
0.05
0.06666667
0.08333334
0.1
0.1166667
0.1333333
0.15
0.1666667
0.1833333
0.2
0.2166667
0.2333333
0.25
0.2666667
0.2833334
0.3
0.3166667
0.3333334
0.3500001
0.3666668
0.3833334
0.4000001
0.4166668
0.4333335
0.4500002
0.4666668
0.4833335
0.5000002
0.5166668
0.5333335
0.5500001
0.5666668
0.5833334
0.6000001
0.6166667
0.6333334
0.65
0.6666667
0.6833333
0.7
0.7166666
0.7333333
0.7499999
0.7666666
0.7833332
0.7999999
0.8166665
0.8333332
0.8499998
0.8666665
0.8833331
0.8999998
0.9166664
0.9219912
</float_array>
          <technique_common>
            <accessor count="57" offset="0" source="#Boy01_Body_Geo_0_1-Matrix-animation-input-array" stride="1">
              <param name="TIME" type="float" />
            </accessor>
          </technique_common>
        </source>
        <source id="Boy01_Body_Geo_0_1-Matrix-animation-output-transform">
          <float_array id="Boy01_Body_Geo_0_1-Matrix-animation-output-transform-array" count="912">1 0 0 0 
0 1 0 0 
0 0 1 0 
0 0 0 1 
1 0 0 0 
0 1 0 0 
0 0 1 0 
0 0 0 1 
1 0 0 0 
0 1 0 0 
0 0 1 0 
0 0 0 1 
1 0 0 0 
0 1 0 0 
0 0 1 0 
0 0 0 1 
1 0 0 0 
0 1 0 0 
0 0 1 0 
0 0 0 1 
1 0 0 0 
0 1 0 0 
0 0 1 0 
0 0 0 1 
1 0 0 0 
0 1 0 0 
0 0 1 0 
0 0 0 1 
1 0 0 0 
0 1 0 0 
0 0 1 0 
0 0 0 1 
1 0 0 0 
0 1 0 0 
0 0 1 0 
0 0 0 1 
1 0 0 0 
0 1 0 0 
0 0 1 0 
0 0 0 1 
1 0 0 0 
0 1 0 0 
0 0 1 0 
0 0 0 1 
1 0 0 0 
0 1 0 0 
0 0 1 0 
0 0 0 1 
1 0 0 0 
0 1 0 0 
0 0 1 0 
0 0 0 1 
1 0 0 0 
0 1 0 0 
0 0 1 0 
0 0 0 1 
1 0 0 0 
0 1 0 0 
0 0 1 0 
0 0 0 1 
1 0 0 0 
0 1 0 0 
0 0 1 0 
0 0 0 1 
1 0 0 0 
0 1 0 0 
0 0 1 0 
0 0 0 1 
1 0 0 0 
0 1 0 0 
0 0 1 0 
0 0 0 1 
1 0 0 0 
0 1 0 0 
0 0 1 0 
0 0 0 1 
1 0 0 0 
0 1 0 0 
0 0 1 0 
0 0 0 1 
1 0 0 0 
0 1 0 0 
0 0 1 0 
0 0 0 1 
1 0 0 0 
0 1 0 0 
0 0 1 0 
0 0 0 1 
1 0 0 0 
0 1 0 0 
0 0 1 0 
0 0 0 1 
1 0 0 0 
0 1 0 0 
0 0 1 0 
0 0 0 1 
1 0 0 0 
0 1 0 0 
0 0 1 0 
0 0 0 1 
1 0 0 0 
0 1 0 0 
0 0 1 0 
0 0 0 1 
1 0 0 0 
0 1 0 0 
0 0 1 0 
0 0 0 1 
1 0 0 0 
0 1 0 0 
0 0 1 0 
0 0 0 1 
1 0 0 0 
0 1 0 0 
0 0 1 0 
0 0 0 1 
1 0 0 0 
0 1 0 0 
0 0 1 0 
0 0 0 1 
1 0 0 0 
0 1 0 0 
0 0 1 0 
0 0 0 1 
1 0 0 0 
0 1 0 0 
0 0 1 0 
0 0 0 1 
1 0 0 0 
0 1 0 0 
0 0 1 0 
0 0 0 1 
1 0 0 0 
0 1 0 0 
0 0 1 0 
0 0 0 1 
1 0 0 0 
0 1 0 0 
0 0 1 0 
0 0 0 1 
1 0 0 0 
0 1 0 0 
0 0 1 0 
0 0 0 1 
1 0 0 0 
0 1 0 0 
0 0 1 0 
0 0 0 1 
1 0 0 0 
0 1 0 0 
0 0 1 0 
0 0 0 1 
1 0 0 0 
0 1 0 0 
0 0 1 0 
0 0 0 1 
1 0 0 0 
0 1 0 0 
0 0 1 0 
0 0 0 1 
1 0 0 0 
0 1 0 0 
0 0 1 0 
0 0 0 1 
1 0 0 0 
0 1 0 0 
0 0 1 0 
0 0 0 1 
1 0 0 0 
0 1 0 0 
0 0 1 0 
0 0 0 1 
1 0 0 0 
0 1 0 0 
0 0 1 0 
0 0 0 1 
1 0 0 0 
0 1 0 0 
0 0 1 0 
0 0 0 1 
1 0 0 0 
0 1 0 0 
0 0 1 0 
0 0 0 1 
1 0 0 0 
0 1 0 0 
0 0 1 0 
0 0 0 1 
1 0 0 0 
0 1 0 0 
0 0 1 0 
0 0 0 1 
1 0 0 0 
0 1 0 0 
0 0 1 0 
0 0 0 1 
1 0 0 0 
0 1 0 0 
0 0 1 0 
0 0 0 1 
1 0 0 0 
0 1 0 0 
0 0 1 0 
0 0 0 1 
1 0 0 0 
0 1 0 0 
0 0 1 0 
0 0 0 1 
1 0 0 0 
0 1 0 0 
0 0 1 0 
0 0 0 1 
1 0 0 0 
0 1 0 0 
0 0 1 0 
0 0 0 1 
1 0 0 0 
0 1 0 0 
0 0 1 0 
0 0 0 1 
1 0 0 0 
0 1 0 0 
0 0 1 0 
0 0 0 1 
1 0 0 0 
0 1 0 0 
0 0 1 0 
0 0 0 1 
</float_array>
          <technique_common>
            <accessor count="57" offset="0" source="#Boy01_Body_Geo_0_1-Matrix-animation-output-transform-array" stride="16">
              <param type="float4x4" />
            </accessor>
          </technique_common>
        </source>
        <source id="Boy01_Body_Geo_0_1-Interpolations">
          <Name_array id="Boy01_Body_Geo_0_1-Interpolations-array" count="57">LINEAR
LINEAR
LINEAR
LINEAR
LINEAR
LINEAR
LINEAR
LINEAR
LINEAR
LINEAR
LINEAR
LINEAR
LINEAR
LINEAR
LINEAR
LINEAR
LINEAR
LINEAR
LINEAR
LINEAR
LINEAR
LINEAR
LINEAR
LINEAR
LINEAR
LINEAR
LINEAR
LINEAR
LINEAR
LINEAR
LINEAR
LINEAR
LINEAR
LINEAR
LINEAR
LINEAR
LINEAR
LINEAR
LINEAR
LINEAR
LINEAR
LINEAR
LINEAR
LINEAR
LINEAR
LINEAR
LINEAR
LINEAR
LINEAR
LINEAR
LINEAR
LINEAR
LINEAR
LINEAR
LINEAR
LINEAR
LINEAR</Name_array>
          <technique_common>
            <accessor count="57" offset="0" source="#Boy01_Body_Geo_0_1-Interpolations-array" stride="1">
              <param type="name" />
            </accessor>
          </technique_common>
        </source>
        <sampler id="Boy01_Body_Geo_0_1-Matrix-animation-transform">
          <input semantic="INPUT" source="#Boy01_Body_Geo_0_1-Matrix-animation-input" />
          <input semantic="OUTPUT" source="#Boy01_Body_Geo_0_1-Matrix-animation-output-transform" />
          <input semantic="INTERPOLATION" source="#Boy01_Body_Geo_0_1-Interpolations" />
        </sampler>
        <channel source="#Boy01_Body_Geo_0_1-Matrix-animation-transform" target="Boy01_Body_Geo/matrix" />
      </animation>
      <animation id="Boy01_Brows_Geo_0_2-anim" name="Boy01_Brows_Geo_0_2">
        <source id="Boy01_Brows_Geo_0_2-Matrix-animation-input">
          <float_array id="Boy01_Brows_Geo_0_2-Matrix-animation-input-array" count="57">0
0.01666667
0.03333334
0.05
0.06666667
0.08333334
0.1
0.1166667
0.1333333
0.15
0.1666667
0.1833333
0.2
0.2166667
0.2333333
0.25
0.2666667
0.2833334
0.3
0.3166667
0.3333334
0.3500001
0.3666668
0.3833334
0.4000001
0.4166668
0.4333335
0.4500002
0.4666668
0.4833335
0.5000002
0.5166668
0.5333335
0.5500001
0.5666668
0.5833334
0.6000001
0.6166667
0.6333334
0.65
0.6666667
0.6833333
0.7
0.7166666
0.7333333
0.7499999
0.7666666
0.7833332
0.7999999
0.8166665
0.8333332
0.8499998
0.8666665
0.8833331
0.8999998
0.9166664
0.9219912
</float_array>
          <technique_common>
            <accessor count="57" offset="0" source="#Boy01_Brows_Geo_0_2-Matrix-animation-input-array" stride="1">
              <param name="TIME" type="float" />
            </accessor>
          </technique_common>
        </source>
        <source id="Boy01_Brows_Geo_0_2-Matrix-animation-output-transform">
          <float_array id="Boy01_Brows_Geo_0_2-Matrix-animation-output-transform-array" count="912">1 0 0 0 
0 1 0 0 
0 0 1 0 
0 0 0 1 
1 0 0 0 
0 1 0 0 
0 0 1 0 
0 0 0 1 
1 0 0 0 
0 1 0 0 
0 0 1 0 
0 0 0 1 
1 0 0 0 
0 1 0 0 
0 0 1 0 
0 0 0 1 
1 0 0 0 
0 1 0 0 
0 0 1 0 
0 0 0 1 
1 0 0 0 
0 1 0 0 
0 0 1 0 
0 0 0 1 
1 0 0 0 
0 1 0 0 
0 0 1 0 
0 0 0 1 
1 0 0 0 
0 1 0 0 
0 0 1 0 
0 0 0 1 
1 0 0 0 
0 1 0 0 
0 0 1 0 
0 0 0 1 
1 0 0 0 
0 1 0 0 
0 0 1 0 
0 0 0 1 
1 0 0 0 
0 1 0 0 
0 0 1 0 
0 0 0 1 
1 0 0 0 
0 1 0 0 
0 0 1 0 
0 0 0 1 
1 0 0 0 
0 1 0 0 
0 0 1 0 
0 0 0 1 
1 0 0 0 
0 1 0 0 
0 0 1 0 
0 0 0 1 
1 0 0 0 
0 1 0 0 
0 0 1 0 
0 0 0 1 
1 0 0 0 
0 1 0 0 
0 0 1 0 
0 0 0 1 
1 0 0 0 
0 1 0 0 
0 0 1 0 
0 0 0 1 
1 0 0 0 
0 1 0 0 
0 0 1 0 
0 0 0 1 
1 0 0 0 
0 1 0 0 
0 0 1 0 
0 0 0 1 
1 0 0 0 
0 1 0 0 
0 0 1 0 
0 0 0 1 
1 0 0 0 
0 1 0 0 
0 0 1 0 
0 0 0 1 
1 0 0 0 
0 1 0 0 
0 0 1 0 
0 0 0 1 
1 0 0 0 
0 1 0 0 
0 0 1 0 
0 0 0 1 
1 0 0 0 
0 1 0 0 
0 0 1 0 
0 0 0 1 
1 0 0 0 
0 1 0 0 
0 0 1 0 
0 0 0 1 
1 0 0 0 
0 1 0 0 
0 0 1 0 
0 0 0 1 
1 0 0 0 
0 1 0 0 
0 0 1 0 
0 0 0 1 
1 0 0 0 
0 1 0 0 
0 0 1 0 
0 0 0 1 
1 0 0 0 
0 1 0 0 
0 0 1 0 
0 0 0 1 
1 0 0 0 
0 1 0 0 
0 0 1 0 
0 0 0 1 
1 0 0 0 
0 1 0 0 
0 0 1 0 
0 0 0 1 
1 0 0 0 
0 1 0 0 
0 0 1 0 
0 0 0 1 
1 0 0 0 
0 1 0 0 
0 0 1 0 
0 0 0 1 
1 0 0 0 
0 1 0 0 
0 0 1 0 
0 0 0 1 
1 0 0 0 
0 1 0 0 
0 0 1 0 
0 0 0 1 
1 0 0 0 
0 1 0 0 
0 0 1 0 
0 0 0 1 
1 0 0 0 
0 1 0 0 
0 0 1 0 
0 0 0 1 
1 0 0 0 
0 1 0 0 
0 0 1 0 
0 0 0 1 
1 0 0 0 
0 1 0 0 
0 0 1 0 
0 0 0 1 
1 0 0 0 
0 1 0 0 
0 0 1 0 
0 0 0 1 
1 0 0 0 
0 1 0 0 
0 0 1 0 
0 0 0 1 
1 0 0 0 
0 1 0 0 
0 0 1 0 
0 0 0 1 
1 0 0 0 
0 1 0 0 
0 0 1 0 
0 0 0 1 
1 0 0 0 
0 1 0 0 
0 0 1 0 
0 0 0 1 
1 0 0 0 
0 1 0 0 
0 0 1 0 
0 0 0 1 
1 0 0 0 
0 1 0 0 
0 0 1 0 
0 0 0 1 
1 0 0 0 
0 1 0 0 
0 0 1 0 
0 0 0 1 
1 0 0 0 
0 1 0 0 
0 0 1 0 
0 0 0 1 
1 0 0 0 
0 1 0 0 
0 0 1 0 
0 0 0 1 
1 0 0 0 
0 1 0 0 
0 0 1 0 
0 0 0 1 
1 0 0 0 
0 1 0 0 
0 0 1 0 
0 0 0 1 
1 0 0 0 
0 1 0 0 
0 0 1 0 
0 0 0 1 
1 0 0 0 
0 1 0 0 
0 0 1 0 
0 0 0 1 
1 0 0 0 
0 1 0 0 
0 0 1 0 
0 0 0 1 
1 0 0 0 
0 1 0 0 
0 0 1 0 
0 0 0 1 
1 0 0 0 
0 1 0 0 
0 0 1 0 
0 0 0 1 
1 0 0 0 
0 1 0 0 
0 0 1 0 
0 0 0 1 
</float_array>
          <technique_common>
            <accessor count="57" offset="0" source="#Boy01_Brows_Geo_0_2-Matrix-animation-output-transform-array" stride="16">
              <param type="float4x4" />
            </accessor>
          </technique_common>
        </source>
        <source id="Boy01_Brows_Geo_0_2-Interpolations">
          <Name_array id="Boy01_Brows_Geo_0_2-Interpolations-array" count="57">LINEAR
LINEAR
LINEAR
LINEAR
LINEAR
LINEAR
LINEAR
LINEAR
LINEAR
LINEAR
LINEAR
LINEAR
LINEAR
LINEAR
LINEAR
LINEAR
LINEAR
LINEAR
LINEAR
LINEAR
LINEAR
LINEAR
LINEAR
LINEAR
LINEAR
LINEAR
LINEAR
LINEAR
LINEAR
LINEAR
LINEAR
LINEAR
LINEAR
LINEAR
LINEAR
LINEAR
LINEAR
LINEAR
LINEAR
LINEAR
LINEAR
LINEAR
LINEAR
LINEAR
LINEAR
LINEAR
LINEAR
LINEAR
LINEAR
LINEAR
LINEAR
LINEAR
LINEAR
LINEAR
LINEAR
LINEAR
LINEAR</Name_array>
          <technique_common>
            <accessor count="57" offset="0" source="#Boy01_Brows_Geo_0_2-Interpolations-array" stride="1">
              <param type="name" />
            </accessor>
          </technique_common>
        </source>
        <sampler id="Boy01_Brows_Geo_0_2-Matrix-animation-transform">
          <input semantic="INPUT" source="#Boy01_Brows_Geo_0_2-Matrix-animation-input" />
          <input semantic="OUTPUT" source="#Boy01_Brows_Geo_0_2-Matrix-animation-output-transform" />
          <input semantic="INTERPOLATION" source="#Boy01_Brows_Geo_0_2-Interpolations" />
        </sampler>
        <channel source="#Boy01_Brows_Geo_0_2-Matrix-animation-transform" target="Boy01_Brows_Geo/matrix" />
      </animation>
      <animation id="Boy01_Eyes_Geo_0_3-anim" name="Boy01_Eyes_Geo_0_3">
        <source id="Boy01_Eyes_Geo_0_3-Matrix-animation-input">
          <float_array id="Boy01_Eyes_Geo_0_3-Matrix-animation-input-array" count="57">0
0.01666667
0.03333334
0.05
0.06666667
0.08333334
0.1
0.1166667
0.1333333
0.15
0.1666667
0.1833333
0.2
0.2166667
0.2333333
0.25
0.2666667
0.2833334
0.3
0.3166667
0.3333334
0.3500001
0.3666668
0.3833334
0.4000001
0.4166668
0.4333335
0.4500002
0.4666668
0.4833335
0.5000002
0.5166668
0.5333335
0.5500001
0.5666668
0.5833334
0.6000001
0.6166667
0.6333334
0.65
0.6666667
0.6833333
0.7
0.7166666
0.7333333
0.7499999
0.7666666
0.7833332
0.7999999
0.8166665
0.8333332
0.8499998
0.8666665
0.8833331
0.8999998
0.9166664
0.9219912
</float_array>
          <technique_common>
            <accessor count="57" offset="0" source="#Boy01_Eyes_Geo_0_3-Matrix-animation-input-array" stride="1">
              <param name="TIME" type="float" />
            </accessor>
          </technique_common>
        </source>
        <source id="Boy01_Eyes_Geo_0_3-Matrix-animation-output-transform">
          <float_array id="Boy01_Eyes_Geo_0_3-Matrix-animation-output-transform-array" count="912">1 0 0 0 
0 1 0 0 
0 0 1 0 
0 0 0 1 
1 0 0 0 
0 1 0 0 
0 0 1 0 
0 0 0 1 
1 0 0 0 
0 1 0 0 
0 0 1 0 
0 0 0 1 
1 0 0 0 
0 1 0 0 
0 0 1 0 
0 0 0 1 
1 0 0 0 
0 1 0 0 
0 0 1 0 
0 0 0 1 
1 0 0 0 
0 1 0 0 
0 0 1 0 
0 0 0 1 
1 0 0 0 
0 1 0 0 
0 0 1 0 
0 0 0 1 
1 0 0 0 
0 1 0 0 
0 0 1 0 
0 0 0 1 
1 0 0 0 
0 1 0 0 
0 0 1 0 
0 0 0 1 
1 0 0 0 
0 1 0 0 
0 0 1 0 
0 0 0 1 
1 0 0 0 
0 1 0 0 
0 0 1 0 
0 0 0 1 
1 0 0 0 
0 1 0 0 
0 0 1 0 
0 0 0 1 
1 0 0 0 
0 1 0 0 
0 0 1 0 
0 0 0 1 
1 0 0 0 
0 1 0 0 
0 0 1 0 
0 0 0 1 
1 0 0 0 
0 1 0 0 
0 0 1 0 
0 0 0 1 
1 0 0 0 
0 1 0 0 
0 0 1 0 
0 0 0 1 
1 0 0 0 
0 1 0 0 
0 0 1 0 
0 0 0 1 
1 0 0 0 
0 1 0 0 
0 0 1 0 
0 0 0 1 
1 0 0 0 
0 1 0 0 
0 0 1 0 
0 0 0 1 
1 0 0 0 
0 1 0 0 
0 0 1 0 
0 0 0 1 
1 0 0 0 
0 1 0 0 
0 0 1 0 
0 0 0 1 
1 0 0 0 
0 1 0 0 
0 0 1 0 
0 0 0 1 
1 0 0 0 
0 1 0 0 
0 0 1 0 
0 0 0 1 
1 0 0 0 
0 1 0 0 
0 0 1 0 
0 0 0 1 
1 0 0 0 
0 1 0 0 
0 0 1 0 
0 0 0 1 
1 0 0 0 
0 1 0 0 
0 0 1 0 
0 0 0 1 
1 0 0 0 
0 1 0 0 
0 0 1 0 
0 0 0 1 
1 0 0 0 
0 1 0 0 
0 0 1 0 
0 0 0 1 
1 0 0 0 
0 1 0 0 
0 0 1 0 
0 0 0 1 
1 0 0 0 
0 1 0 0 
0 0 1 0 
0 0 0 1 
1 0 0 0 
0 1 0 0 
0 0 1 0 
0 0 0 1 
1 0 0 0 
0 1 0 0 
0 0 1 0 
0 0 0 1 
1 0 0 0 
0 1 0 0 
0 0 1 0 
0 0 0 1 
1 0 0 0 
0 1 0 0 
0 0 1 0 
0 0 0 1 
1 0 0 0 
0 1 0 0 
0 0 1 0 
0 0 0 1 
1 0 0 0 
0 1 0 0 
0 0 1 0 
0 0 0 1 
1 0 0 0 
0 1 0 0 
0 0 1 0 
0 0 0 1 
1 0 0 0 
0 1 0 0 
0 0 1 0 
0 0 0 1 
1 0 0 0 
0 1 0 0 
0 0 1 0 
0 0 0 1 
1 0 0 0 
0 1 0 0 
0 0 1 0 
0 0 0 1 
1 0 0 0 
0 1 0 0 
0 0 1 0 
0 0 0 1 
1 0 0 0 
0 1 0 0 
0 0 1 0 
0 0 0 1 
1 0 0 0 
0 1 0 0 
0 0 1 0 
0 0 0 1 
1 0 0 0 
0 1 0 0 
0 0 1 0 
0 0 0 1 
1 0 0 0 
0 1 0 0 
0 0 1 0 
0 0 0 1 
1 0 0 0 
0 1 0 0 
0 0 1 0 
0 0 0 1 
1 0 0 0 
0 1 0 0 
0 0 1 0 
0 0 0 1 
1 0 0 0 
0 1 0 0 
0 0 1 0 
0 0 0 1 
1 0 0 0 
0 1 0 0 
0 0 1 0 
0 0 0 1 
1 0 0 0 
0 1 0 0 
0 0 1 0 
0 0 0 1 
1 0 0 0 
0 1 0 0 
0 0 1 0 
0 0 0 1 
1 0 0 0 
0 1 0 0 
0 0 1 0 
0 0 0 1 
1 0 0 0 
0 1 0 0 
0 0 1 0 
0 0 0 1 
1 0 0 0 
0 1 0 0 
0 0 1 0 
0 0 0 1 
1 0 0 0 
0 1 0 0 
0 0 1 0 
0 0 0 1 
1 0 0 0 
0 1 0 0 
0 0 1 0 
0 0 0 1 
1 0 0 0 
0 1 0 0 
0 0 1 0 
0 0 0 1 
</float_array>
          <technique_common>
            <accessor count="57" offset="0" source="#Boy01_Eyes_Geo_0_3-Matrix-animation-output-transform-array" stride="16">
              <param type="float4x4" />
            </accessor>
          </technique_common>
        </source>
        <source id="Boy01_Eyes_Geo_0_3-Interpolations">
          <Name_array id="Boy01_Eyes_Geo_0_3-Interpolations-array" count="57">LINEAR
LINEAR
LINEAR
LINEAR
LINEAR
LINEAR
LINEAR
LINEAR
LINEAR
LINEAR
LINEAR
LINEAR
LINEAR
LINEAR
LINEAR
LINEAR
LINEAR
LINEAR
LINEAR
LINEAR
LINEAR
LINEAR
LINEAR
LINEAR
LINEAR
LINEAR
LINEAR
LINEAR
LINEAR
LINEAR
LINEAR
LINEAR
LINEAR
LINEAR
LINEAR
LINEAR
LINEAR
LINEAR
LINEAR
LINEAR
LINEAR
LINEAR
LINEAR
LINEAR
LINEAR
LINEAR
LINEAR
LINEAR
LINEAR
LINEAR
LINEAR
LINEAR
LINEAR
LINEAR
LINEAR
LINEAR
LINEAR</Name_array>
          <technique_common>
            <accessor count="57" offset="0" source="#Boy01_Eyes_Geo_0_3-Interpolations-array" stride="1">
              <param type="name" />
            </accessor>
          </technique_common>
        </source>
        <sampler id="Boy01_Eyes_Geo_0_3-Matrix-animation-transform">
          <input semantic="INPUT" source="#Boy01_Eyes_Geo_0_3-Matrix-animation-input" />
          <input semantic="OUTPUT" source="#Boy01_Eyes_Geo_0_3-Matrix-animation-output-transform" />
          <input semantic="INTERPOLATION" source="#Boy01_Eyes_Geo_0_3-Interpolations" />
        </sampler>
        <channel source="#Boy01_Eyes_Geo_0_3-Matrix-animation-transform" target="Boy01_Eyes_Geo/matrix" />
      </animation>
      <animation id="h_Geo_0_4-anim" name="h_Geo_0_4">
        <source id="h_Geo_0_4-Matrix-animation-input">
          <float_array id="h_Geo_0_4-Matrix-animation-input-array" count="57">0
0.01666667
0.03333334
0.05
0.06666667
0.08333334
0.1
0.1166667
0.1333333
0.15
0.1666667
0.1833333
0.2
0.2166667
0.2333333
0.25
0.2666667
0.2833334
0.3
0.3166667
0.3333334
0.3500001
0.3666668
0.3833334
0.4000001
0.4166668
0.4333335
0.4500002
0.4666668
0.4833335
0.5000002
0.5166668
0.5333335
0.5500001
0.5666668
0.5833334
0.6000001
0.6166667
0.6333334
0.65
0.6666667
0.6833333
0.7
0.7166666
0.7333333
0.7499999
0.7666666
0.7833332
0.7999999
0.8166665
0.8333332
0.8499998
0.8666665
0.8833331
0.8999998
0.9166664
0.9219912
</float_array>
          <technique_common>
            <accessor count="57" offset="0" source="#h_Geo_0_4-Matrix-animation-input-array" stride="1">
              <param name="TIME" type="float" />
            </accessor>
          </technique_common>
        </source>
        <source id="h_Geo_0_4-Matrix-animation-output-transform">
          <float_array id="h_Geo_0_4-Matrix-animation-output-transform-array" count="912">1 0 0 0 
0 1 0 0 
0 0 1 0 
0 0 0 1 
1 0 0 0 
0 1 0 0 
0 0 1 0 
0 0 0 1 
1 0 0 0 
0 1 0 0 
0 0 1 0 
0 0 0 1 
1 0 0 0 
0 1 0 0 
0 0 1 0 
0 0 0 1 
1 0 0 0 
0 1 0 0 
0 0 1 0 
0 0 0 1 
1 0 0 0 
0 1 0 0 
0 0 1 0 
0 0 0 1 
1 0 0 0 
0 1 0 0 
0 0 1 0 
0 0 0 1 
1 0 0 0 
0 1 0 0 
0 0 1 0 
0 0 0 1 
1 0 0 0 
0 1 0 0 
0 0 1 0 
0 0 0 1 
1 0 0 0 
0 1 0 0 
0 0 1 0 
0 0 0 1 
1 0 0 0 
0 1 0 0 
0 0 1 0 
0 0 0 1 
1 0 0 0 
0 1 0 0 
0 0 1 0 
0 0 0 1 
1 0 0 0 
0 1 0 0 
0 0 1 0 
0 0 0 1 
1 0 0 0 
0 1 0 0 
0 0 1 0 
0 0 0 1 
1 0 0 0 
0 1 0 0 
0 0 1 0 
0 0 0 1 
1 0 0 0 
0 1 0 0 
0 0 1 0 
0 0 0 1 
1 0 0 0 
0 1 0 0 
0 0 1 0 
0 0 0 1 
1 0 0 0 
0 1 0 0 
0 0 1 0 
0 0 0 1 
1 0 0 0 
0 1 0 0 
0 0 1 0 
0 0 0 1 
1 0 0 0 
0 1 0 0 
0 0 1 0 
0 0 0 1 
1 0 0 0 
0 1 0 0 
0 0 1 0 
0 0 0 1 
1 0 0 0 
0 1 0 0 
0 0 1 0 
0 0 0 1 
1 0 0 0 
0 1 0 0 
0 0 1 0 
0 0 0 1 
1 0 0 0 
0 1 0 0 
0 0 1 0 
0 0 0 1 
1 0 0 0 
0 1 0 0 
0 0 1 0 
0 0 0 1 
1 0 0 0 
0 1 0 0 
0 0 1 0 
0 0 0 1 
1 0 0 0 
0 1 0 0 
0 0 1 0 
0 0 0 1 
1 0 0 0 
0 1 0 0 
0 0 1 0 
0 0 0 1 
1 0 0 0 
0 1 0 0 
0 0 1 0 
0 0 0 1 
1 0 0 0 
0 1 0 0 
0 0 1 0 
0 0 0 1 
1 0 0 0 
0 1 0 0 
0 0 1 0 
0 0 0 1 
1 0 0 0 
0 1 0 0 
0 0 1 0 
0 0 0 1 
1 0 0 0 
0 1 0 0 
0 0 1 0 
0 0 0 1 
1 0 0 0 
0 1 0 0 
0 0 1 0 
0 0 0 1 
1 0 0 0 
0 1 0 0 
0 0 1 0 
0 0 0 1 
1 0 0 0 
0 1 0 0 
0 0 1 0 
0 0 0 1 
1 0 0 0 
0 1 0 0 
0 0 1 0 
0 0 0 1 
1 0 0 0 
0 1 0 0 
0 0 1 0 
0 0 0 1 
1 0 0 0 
0 1 0 0 
0 0 1 0 
0 0 0 1 
1 0 0 0 
0 1 0 0 
0 0 1 0 
0 0 0 1 
1 0 0 0 
0 1 0 0 
0 0 1 0 
0 0 0 1 
1 0 0 0 
0 1 0 0 
0 0 1 0 
0 0 0 1 
1 0 0 0 
0 1 0 0 
0 0 1 0 
0 0 0 1 
1 0 0 0 
0 1 0 0 
0 0 1 0 
0 0 0 1 
1 0 0 0 
0 1 0 0 
0 0 1 0 
0 0 0 1 
1 0 0 0 
0 1 0 0 
0 0 1 0 
0 0 0 1 
1 0 0 0 
0 1 0 0 
0 0 1 0 
0 0 0 1 
1 0 0 0 
0 1 0 0 
0 0 1 0 
0 0 0 1 
1 0 0 0 
0 1 0 0 
0 0 1 0 
0 0 0 1 
1 0 0 0 
0 1 0 0 
0 0 1 0 
0 0 0 1 
1 0 0 0 
0 1 0 0 
0 0 1 0 
0 0 0 1 
1 0 0 0 
0 1 0 0 
0 0 1 0 
0 0 0 1 
1 0 0 0 
0 1 0 0 
0 0 1 0 
0 0 0 1 
1 0 0 0 
0 1 0 0 
0 0 1 0 
0 0 0 1 
1 0 0 0 
0 1 0 0 
0 0 1 0 
0 0 0 1 
1 0 0 0 
0 1 0 0 
0 0 1 0 
0 0 0 1 
1 0 0 0 
0 1 0 0 
0 0 1 0 
0 0 0 1 
</float_array>
          <technique_common>
            <accessor count="57" offset="0" source="#h_Geo_0_4-Matrix-animation-output-transform-array" stride="16">
              <param type="float4x4" />
            </accessor>
          </technique_common>
        </source>
        <source id="h_Geo_0_4-Interpolations">
          <Name_array id="h_Geo_0_4-Interpolations-array" count="57">LINEAR
LINEAR
LINEAR
LINEAR
LINEAR
LINEAR
LINEAR
LINEAR
LINEAR
LINEAR
LINEAR
LINEAR
LINEAR
LINEAR
LINEAR
LINEAR
LINEAR
LINEAR
LINEAR
LINEAR
LINEAR
LINEAR
LINEAR
LINEAR
LINEAR
LINEAR
LINEAR
LINEAR
LINEAR
LINEAR
LINEAR
LINEAR
LINEAR
LINEAR
LINEAR
LINEAR
LINEAR
LINEAR
LINEAR
LINEAR
LINEAR
LINEAR
LINEAR
LINEAR
LINEAR
LINEAR
LINEAR
LINEAR
LINEAR
LINEAR
LINEAR
LINEAR
LINEAR
LINEAR
LINEAR
LINEAR
LINEAR</Name_array>
          <technique_common>
            <accessor count="57" offset="0" source="#h_Geo_0_4-Interpolations-array" stride="1">
              <param type="name" />
            </accessor>
          </technique_common>
        </source>
        <sampler id="h_Geo_0_4-Matrix-animation-transform">
          <input semantic="INPUT" source="#h_Geo_0_4-Matrix-animation-input" />
          <input semantic="OUTPUT" source="#h_Geo_0_4-Matrix-animation-output-transform" />
          <input semantic="INTERPOLATION" source="#h_Geo_0_4-Interpolations" />
        </sampler>
        <channel source="#h_Geo_0_4-Matrix-animation-transform" target="h_Geo/matrix" />
      </animation>
      <animation id="Hips_0_5-anim" name="Hips_0_5">
        <source id="Hips_0_5-Matrix-animation-input">
          <float_array id="Hips_0_5-Matrix-animation-input-array" count="57">0
0.01666667
0.03333334
0.05
0.06666667
0.08333334
0.1
0.1166667
0.1333333
0.15
0.1666667
0.1833333
0.2
0.2166667
0.2333333
0.25
0.2666667
0.2833334
0.3
0.3166667
0.3333334
0.3500001
0.3666668
0.3833334
0.4000001
0.4166668
0.4333335
0.4500002
0.4666668
0.4833335
0.5000002
0.5166668
0.5333335
0.5500001
0.5666668
0.5833334
0.6000001
0.6166667
0.6333334
0.65
0.6666667
0.6833333
0.7
0.7166666
0.7333333
0.7499999
0.7666666
0.7833332
0.7999999
0.8166665
0.8333332
0.8499998
0.8666665
0.8833331
0.8999998
0.9166664
0.9219912
</float_array>
          <technique_common>
            <accessor count="57" offset="0" source="#Hips_0_5-Matrix-animation-input-array" stride="1">
              <param name="TIME" type="float" />
            </accessor>
          </technique_common>
        </source>
        <source id="Hips_0_5-Matrix-animation-output-transform">
          <float_array id="Hips_0_5-Matrix-animation-output-transform-array" count="912">0.9628184 -0.1070156 0.2480493 4.416815E-09 
0.01566501 0.9387639 0.3442049 0.832392 
-0.269695 -0.3275211 0.9055355 0.004143002 
0 0 0 1 
0.9628184 -0.1070156 0.2480493 4.416815E-09 
0.01566501 0.9387639 0.3442049 0.832392 
-0.269695 -0.3275211 0.9055355 0.004143002 
0 0 0 1 
0.9628184 -0.1070156 0.2480493 4.416815E-09 
0.01566501 0.9387639 0.3442049 0.832392 
-0.269695 -0.3275211 0.9055355 0.004143002 
0 0 0 1 
0.9629936 -0.1073166 0.2472375 4.416815E-09 
0.01596517 0.9384134 0.3451455 0.832392 
-0.2690509 -0.3284258 0.9053994 0.004143002 
0 0 0 1 
0.9631875 -0.107675 0.2463248 4.416815E-09 
0.01632089 0.9380143 0.346212 0.832392 
-0.2683346 -0.3294469 0.905241 0.004143002 
0 0 0 1 
0.9631428 -0.107149 0.2467285 4.416815E-09 
0.01585677 0.93826 0.3455672 0.832392 
-0.2685227 -0.3289183 0.9053774 0.004143002 
0 0 0 1 
0.962558 -0.1045223 0.2501143 4.416815E-09 
0.01348712 0.9399962 0.3409181 0.832392 
-0.2707401 -0.3247801 0.9062107 0.004143002 
0 0 0 1 
0.9617147 -0.1014038 0.2546017 4.416815E-09 
0.01060605 0.9421011 0.3351611 0.832392 
-0.2738472 -0.3196291 0.907108 0.004143002 
0 0 0 1 
0.9608109 -0.09898144 0.2589306 4.416815E-09 
0.008193169 0.9438096 0.330388 0.832392 
-0.2770834 -0.3153189 0.9076336 0.004143002 
0 0 0 1 
0.960368 -0.09796392 0.2609529 4.416815E-09 
0.007116432 0.9445158 0.328389 0.832392 
-0.2786444 -0.3135173 0.9077798 0.004143002 
0 0 0 1 
0.960343 -0.09812589 0.2609839 4.416815E-09 
0.007160176 0.9443964 0.328731 0.832392 
-0.2787293 -0.3138258 0.9076471 0.004143002 
0 0 0 1 
0.9604272 -0.09869079 0.2604606 4.416815E-09 
0.007550423 0.9440033 0.3298495 0.832392 
-0.2784287 -0.3148299 0.9073916 0.004143002 
0 0 0 1 
0.9603972 -0.09913901 0.2604009 4.416815E-09 
0.007747866 0.9437014 0.3307078 0.832392 
-0.2785267 -0.3155933 0.9070963 0.004143002 
0 0 0 1 
0.9603537 -0.09969817 0.2603478 4.416815E-09 
0.007998854 0.9433376 0.3317382 0.832392 
-0.2786695 -0.3165035 0.9067352 0.004143002 
0 0 0 1 
0.960329 -0.1002935 0.2602105 4.416815E-09 
0.008312817 0.9429706 0.3327721 0.832392 
-0.2787457 -0.3174076 0.9063958 0.004143002 
0 0 0 1 
0.9603471 -0.1008493 0.2599289 4.416815E-09 
0.008663307 0.9426317 0.333722 0.832392 
-0.2786728 -0.318237 0.9061273 0.004143002 
0 0 0 1 
0.9604365 -0.1012494 0.2594425 4.416815E-09 
0.009017584 0.9423907 0.3343927 0.832392 
-0.2783532 -0.3188234 0.9060194 0.004143002 
0 0 0 1 
0.9605702 -0.1015764 0.2588187 4.416815E-09 
0.009386986 0.942194 0.3349363 0.832392 
-0.277879 -0.3193003 0.905997 0.004143002 
0 0 0 1 
0.9607279 -0.1019448 0.2580871 4.416815E-09 
0.009793112 0.941948 0.335616 0.832392 
-0.2773189 -0.3199082 0.9059542 0.004143002 
0 0 0 1 
0.9609223 -0.102447 0.2571636 4.416815E-09 
0.01028406 0.9415675 0.3366674 0.832392 
-0.2766274 -0.3208666 0.9058267 0.004143002 
0 0 0 1 
0.9611189 -0.1029061 0.2562437 4.416815E-09 
0.01074909 0.9412049 0.3376652 0.832392 
-0.2759257 -0.321782 0.9057159 0.004143002 
0 0 0 1 
0.9612775 -0.1032226 0.2555203 4.416815E-09 
0.01109218 0.9409428 0.3383838 0.832392 
-0.2753589 -0.3224465 0.9056521 0.004143002 
0 0 0 1 
0.9614615 -0.1035343 0.2547004 4.416815E-09 
0.01148183 0.9406995 0.3390466 0.832392 
-0.2746995 -0.3230559 0.9056352 0.004143002 
0 0 0 1 
0.9617304 -0.1038512 0.2535539 4.416815E-09 
0.01210438 0.9405873 0.3393361 0.832392 
-0.27373 -0.3232807 0.9058485 0.004143002 
0 0 0 1 
0.9620227 -0.1044425 0.2521985 4.416815E-09 
0.01267502 0.9400024 0.3409321 0.832392 
-0.272675 -0.3247879 0.9056275 0.004143002 
0 0 0 1 
0.9623038 -0.1056395 0.2506227 4.416815E-09 
0.012971 0.9382624 0.3456812 0.832392 
-0.2716675 -0.3293994 0.9042637 0.004143002 
0 0 0 1 
0.9625057 -0.1062431 0.2495899 4.416815E-09 
0.01324608 0.9374194 0.3479504 0.832392 
-0.2709378 -0.3315982 0.9036788 0.004143002 
0 0 0 1 
0.96266 -0.1064856 0.2488905 4.416815E-09 
0.01350421 0.9371325 0.3487124 0.832392 
-0.2703763 -0.3323304 0.903578 0.004143002 
0 0 0 1 
0.9628079 -0.1066856 0.2482319 4.416815E-09 
0.01366613 0.9367951 0.3496115 0.832392 
-0.269841 -0.3332163 0.9034117 0.004143002 
0 0 0 1 
0.9627924 -0.1066273 0.2483171 4.416815E-09 
0.01322171 0.9363548 0.3508062 0.832392 
-0.2699184 -0.3344703 0.902925 0.004143002 
0 0 0 1 
0.9645583 -0.1092281 0.2402009 4.416815E-09 
0.01797288 0.9353828 0.3531799 0.832392 
-0.263257 -0.3363455 0.9041944 0.004143002 
0 0 0 1 
0.9675165 -0.1138537 0.2257193 4.416815E-09 
0.02677301 0.9339725 0.3563404 0.832392 
-0.2513863 -0.338722 0.906682 0.004143002 
0 0 0 1 
0.9698448 -0.1173606 0.2136061 4.416815E-09 
0.03363894 0.9324978 0.3596057 0.832392 
-0.2413908 -0.3415763 0.908326 0.004143002 
0 0 0 1 
0.9711429 -0.1185335 0.2069572 4.416815E-09 
0.03624302 0.9310193 0.3631659 0.832392 
-0.2357284 -0.3451852 0.9084488 0.004143002 
0 0 0 1 
0.972025 -0.1191019 0.2024408 4.416815E-09 
0.0377895 0.9299722 0.3656826 0.832392 
-0.2318178 -0.3478025 0.9084569 0.004143002 
0 0 0 1 
0.9725935 -0.1192859 0.1995812 4.416815E-09 
0.03859715 0.92929 0.3673286 0.832392 
-0.229286 -0.3495582 0.9084256 0.004143002 
0 0 0 1 
0.9729356 -0.1193968 0.1978404 4.416815E-09 
0.03910619 0.9288949 0.3682731 0.832392 
-0.2277436 -0.3505692 0.908424 0.004143002 
0 0 0 1 
0.9731268 -0.1194145 0.1968866 4.416815E-09 
0.03935199 0.92869 0.3687632 0.832392 
-0.2268822 -0.3511055 0.9084324 0.004143002 
0 0 0 1 
0.9732736 -0.1193565 0.196195 4.416815E-09 
0.03946398 0.9285452 0.3691157 0.832392 
-0.2262322 -0.3515079 0.9084389 0.004143002 
0 0 0 1 
0.9734675 -0.1193894 0.1952108 4.416815E-09 
0.03965059 0.9282033 0.3699545 0.832392 
-0.225364 -0.3523985 0.9083096 0.004143002 
0 0 0 1 
0.9736263 -0.1191211 0.1945816 4.416815E-09 
0.03953794 0.9280638 0.3703166 0.832392 
-0.2246967 -0.3528566 0.9082971 0.004143002 
0 0 0 1 
0.9736097 -0.1167339 0.1961053 4.416815E-09 
0.03781369 0.9299206 0.3658112 0.832392 
-0.225065 -0.3487419 0.9097939 0.004143002 
0 0 0 1 
0.9734637 -0.1134375 0.1987473 4.416815E-09 
0.03529101 0.9325193 0.3593916 0.832392 
-0.2261042 -0.3428406 0.911777 0.004143002 
0 0 0 1 
0.9731933 -0.1115205 0.2011417 4.416815E-09 
0.0332089 0.9335457 0.3569167 0.832392 
-0.2275786 -0.3406693 0.9122239 0.004143002 
0 0 0 1 
0.9728713 -0.1104244 0.2032926 4.416815E-09 
0.03148703 0.9337588 0.3565151 0.832392 
-0.2291942 -0.3404423 0.9119041 0.004143002 
0 0 0 1 
0.972636 -0.1095268 0.2048975 4.416815E-09 
0.03019801 0.9340247 0.3559297 0.832392 
-0.2303632 -0.3400026 0.9117736 0.004143002 
0 0 0 1 
0.9724404 -0.108861 0.2061769 4.416815E-09 
0.02920245 0.9342099 0.3555265 0.832392 
-0.2313155 -0.3397075 0.9116425 0.004143002 
0 0 0 1 
0.9722904 -0.1084206 0.2071142 4.416815E-09 
0.0284903 0.9343015 0.3553435 0.832392 
-0.2320337 -0.3395963 0.9115013 0.004143002 
0 0 0 1 
0.9720885 -0.1078798 0.2083414 4.416815E-09 
0.02765007 0.9345037 0.354878 0.832392 
-0.23298 -0.3392121 0.9114031 0.004143002 
0 0 0 1 
0.9717266 -0.1069237 0.2105109 4.416815E-09 
0.02628307 0.9350274 0.3536 0.832392 
-0.2346417 -0.3380696 0.9114013 0.004143002 
0 0 0 1 
0.9713898 -0.1061039 0.2124705 4.416815E-09 
0.02510552 0.9355132 0.3523986 0.832392 
-0.2361599 -0.3369822 0.9114118 0.004143002 
0 0 0 1 
0.9711802 -0.1056746 0.2136396 4.416815E-09 
0.02444929 0.9357818 0.3517311 0.832392 
-0.2370891 -0.3363709 0.9113964 0.004143002 
0 0 0 1 
0.970983 -0.1053422 0.2146978 4.416815E-09 
0.02390975 0.9360217 0.351129 0.832392 
-0.2379505 -0.3358069 0.9113799 0.004143002 
0 0 0 1 
0.9706961 -0.1048837 0.2162142 4.416815E-09 
0.02317023 0.9363847 0.3502096 0.832392 
-0.2391909 -0.3349374 0.9113752 0.004143002 
0 0 0 1 
0.9703764 -0.1044593 0.2178484 4.416815E-09 
0.02244417 0.9367745 0.3492132 0.832392 
-0.2405535 -0.3339788 0.9113683 0.004143002 
0 0 0 1 
0.9701037 -0.1042565 0.2191561 4.416815E-09 
0.02198337 0.9370631 0.3484674 0.832392 
-0.2416931 -0.3332317 0.9113402 0.004143002 
0 0 0 1 
0.970017 -0.1041954 0.2195686 4.416815E-09 
0.02184095 0.9371536 0.348233 0.832392 
-0.2420538 -0.3329963 0.9113306 0.004143002 
0 0 0 1 
</float_array>
          <technique_common>
            <accessor count="57" offset="0" source="#Hips_0_5-Matrix-animation-output-transform-array" stride="16">
              <param type="float4x4" />
            </accessor>
          </technique_common>
        </source>
        <source id="Hips_0_5-Interpolations">
          <Name_array id="Hips_0_5-Interpolations-array" count="57">LINEAR
LINEAR
LINEAR
LINEAR
LINEAR
LINEAR
LINEAR
LINEAR
LINEAR
LINEAR
LINEAR
LINEAR
LINEAR
LINEAR
LINEAR
LINEAR
LINEAR
LINEAR
LINEAR
LINEAR
LINEAR
LINEAR
LINEAR
LINEAR
LINEAR
LINEAR
LINEAR
LINEAR
LINEAR
LINEAR
LINEAR
LINEAR
LINEAR
LINEAR
LINEAR
LINEAR
LINEAR
LINEAR
LINEAR
LINEAR
LINEAR
LINEAR
LINEAR
LINEAR
LINEAR
LINEAR
LINEAR
LINEAR
LINEAR
LINEAR
LINEAR
LINEAR
LINEAR
LINEAR
LINEAR
LINEAR
LINEAR</Name_array>
          <technique_common>
            <accessor count="57" offset="0" source="#Hips_0_5-Interpolations-array" stride="1">
              <param type="name" />
            </accessor>
          </technique_common>
        </source>
        <sampler id="Hips_0_5-Matrix-animation-transform">
          <input semantic="INPUT" source="#Hips_0_5-Matrix-animation-input" />
          <input semantic="OUTPUT" source="#Hips_0_5-Matrix-animation-output-transform" />
          <input semantic="INTERPOLATION" source="#Hips_0_5-Interpolations" />
        </sampler>
        <channel source="#Hips_0_5-Matrix-animation-transform" target="Hips/matrix" />
      </animation>
      <animation id="BoyFacialAnim_Joint_0_6-anim" name="BoyFacialAnim_Joint_0_6">
        <source id="BoyFacialAnim_Joint_0_6-Matrix-animation-input">
          <float_array id="BoyFacialAnim_Joint_0_6-Matrix-animation-input-array" count="57">0
0.01666667
0.03333334
0.05
0.06666667
0.08333334
0.1
0.1166667
0.1333333
0.15
0.1666667
0.1833333
0.2
0.2166667
0.2333333
0.25
0.2666667
0.2833334
0.3
0.3166667
0.3333334
0.3500001
0.3666668
0.3833334
0.4000001
0.4166668
0.4333335
0.4500002
0.4666668
0.4833335
0.5000002
0.5166668
0.5333335
0.5500001
0.5666668
0.5833334
0.6000001
0.6166667
0.6333334
0.65
0.6666667
0.6833333
0.7
0.7166666
0.7333333
0.7499999
0.7666666
0.7833332
0.7999999
0.8166665
0.8333332
0.8499998
0.8666665
0.8833331
0.8999998
0.9166664
0.9219912
</float_array>
          <technique_common>
            <accessor count="57" offset="0" source="#BoyFacialAnim_Joint_0_6-Matrix-animation-input-array" stride="1">
              <param name="TIME" type="float" />
            </accessor>
          </technique_common>
        </source>
        <source id="BoyFacialAnim_Joint_0_6-Matrix-animation-output-transform">
