<?xml version="1.0" encoding="utf-8"?>
<COLLADA xmlns:xsi="http://www.w3.org/2001/XMLSchema-instance" xmlns:xsd="http://www.w3.org/2001/XMLSchema" version="1.4.1" xmlns="http://www.collada.org/2005/11/COLLADASchema">
  <asset>
    <created>2017-03-30T17:56:26.6737128+08:00</created>
    <modified>2017-03-30T17:56:26.6737128+08:00</modified>
    <unit meter="1" name="meter" />
    <up_axis>Y_UP</up_axis>
    <contributor>
      <authoring_tool>Skele: Character Animation Tools</authoring_tool>
      <comments>https://www.assetstore.unity3d.com/en/#!/content/16899</comments>
    </contributor>
    <revision>1.0</revision>
  </asset>
  <library_animation_clips>
    <animation_clip name="h" start="0" end="1.0738582611083984">
      <instance_animation url="h_0" />
    </animation_clip>
  </library_animation_clips>
  <library_animations>
    <animation id="h_0" name="h">
      <animation id="_0_0-anim" name="_0_0">
        <source id="_0_0-Matrix-animation-input">
          <float_array id="_0_0-Matrix-animation-input-array" count="66">0
0.01666667
0.03333334
0.05
0.06666667
0.08333334
0.1
0.1166667
0.1333333
0.15
0.1666667
0.1833333
0.2
0.2166667
0.2333333
0.25
0.2666667
0.2833334
0.3
0.3166667
0.3333334
0.3500001
0.3666668
0.3833334
0.4000001
0.4166668
0.4333335
0.4500002
0.4666668
0.4833335
0.5000002
0.5166668
0.5333335
0.5500001
0.5666668
0.5833334
0.6000001
0.6166667
0.6333334
0.65
0.6666667
0.6833333
0.7
0.7166666
0.7333333
0.7499999
0.7666666
0.7833332
0.7999999
0.8166665
0.8333332
0.8499998
0.8666665
0.8833331
0.8999998
0.9166664
0.9333331
0.9499997
0.9666664
0.9833331
0.9999997
1.016666
1.033333
1.05
1.066666
1.073858
</float_array>
          <technique_common>
            <accessor count="66" offset="0" source="#_0_0-Matrix-animation-input-array" stride="1">
              <param name="TIME" type="float" />
            </accessor>
          </technique_common>
        </source>
        <source id="_0_0-Matrix-animation-output-transform">
          <float_array id="_0_0-Matrix-animation-output-transform-array" count="1056">-3.293416 0 -0.07553078 0.3985313 
0 3.294281 0 -3.4536 
0.07553077 0 -3.293416 0.217126 
0 0 0 1 
-3.293416 0 -0.07553078 0.3985313 
0 3.294281 0 -3.4536 
0.07553077 0 -3.293416 0.217126 
0 0 0 1 
-3.293416 0 -0.07553078 0.3985313 
0 3.294281 0 -3.4536 
0.07553077 0 -3.293416 0.217126 
0 0 0 1 
-3.293416 0 -0.07553078 0.3985313 
0 3.294281 0 -3.4536 
0.07553077 0 -3.293416 0.217126 
0 0 0 1 
-3.293416 0 -0.07553078 0.3985313 
0 3.294281 0 -3.4536 
0.07553077 0 -3.293416 0.217126 
0 0 0 1 
-3.293416 0 -0.07553078 0.3985313 
0 3.294281 0 -3.4536 
0.07553077 0 -3.293416 0.217126 
0 0 0 1 
-3.293416 0 -0.07553078 0.3985313 
0 3.294281 0 -3.4536 
0.07553077 0 -3.293416 0.217126 
0 0 0 1 
-3.293416 0 -0.07553078 0.3985313 
0 3.294281 0 -3.4536 
0.07553077 0 -3.293416 0.217126 
0 0 0 1 
-3.293416 0 -0.07553078 0.3985313 
0 3.294281 0 -3.4536 
0.07553077 0 -3.293416 0.217126 
0 0 0 1 
-3.293416 0 -0.07553078 0.3985313 
0 3.294281 0 -3.4536 
0.07553077 0 -3.293416 0.217126 
0 0 0 1 
-3.293416 0 -0.07553078 0.3985313 
0 3.294281 0 -3.4536 
0.07553077 0 -3.293416 0.217126 
0 0 0 1 
-3.293416 0 -0.07553078 0.3985313 
0 3.294281 0 -3.4536 
0.07553077 0 -3.293416 0.217126 
0 0 0 1 
-3.293416 0 -0.07553078 0.3985313 
0 3.294281 0 -3.4536 
0.07553077 0 -3.293416 0.217126 
0 0 0 1 
-3.293416 0 -0.07553078 0.3985313 
0 3.294281 0 -3.4536 
0.07553077 0 -3.293416 0.217126 
0 0 0 1 
-3.293416 0 -0.07553078 0.3985313 
0 3.294281 0 -3.4536 
0.07553077 0 -3.293416 0.217126 
0 0 0 1 
-3.293416 0 -0.07553078 0.3985313 
0 3.294281 0 -3.4536 
0.07553077 0 -3.293416 0.217126 
0 0 0 1 
-3.293416 0 -0.07553078 0.3985313 
0 3.294281 0 -3.4536 
0.07553077 0 -3.293416 0.217126 
0 0 0 1 
-3.293416 0 -0.07553078 0.3985313 
0 3.294281 0 -3.4536 
0.07553077 0 -3.293416 0.217126 
0 0 0 1 
-3.293416 0 -0.07553078 0.3985313 
0 3.294281 0 -3.4536 
0.07553077 0 -3.293416 0.217126 
0 0 0 1 
-3.293416 0 -0.07553078 0.3985313 
0 3.294281 0 -3.4536 
0.07553077 0 -3.293416 0.217126 
0 0 0 1 
-3.293416 0 -0.07553078 0.3985313 
0 3.294281 0 -3.4536 
0.07553077 0 -3.293416 0.217126 
0 0 0 1 
-3.293416 0 -0.07553078 0.3985313 
0 3.294281 0 -3.4536 
0.07553077 0 -3.293416 0.217126 
0 0 0 1 
-3.293416 0 -0.07553078 0.3985313 
0 3.294281 0 -3.4536 
0.07553077 0 -3.293416 0.217126 
0 0 0 1 
-3.293416 0 -0.07553078 0.3985313 
0 3.294281 0 -3.4536 
0.07553077 0 -3.293416 0.217126 
0 0 0 1 
-3.293416 0 -0.07553078 0.3985313 
0 3.294281 0 -3.4536 
0.07553077 0 -3.293416 0.217126 
0 0 0 1 
-3.293416 0 -0.07553078 0.3985313 
0 3.294281 0 -3.4536 
0.07553077 0 -3.293416 0.217126 
0 0 0 1 
-3.293416 0 -0.07553078 0.3985313 
0 3.294281 0 -3.4536 
0.07553077 0 -3.293416 0.217126 
0 0 0 1 
-3.293416 0 -0.07553078 0.3985313 
0 3.294281 0 -3.4536 
0.07553077 0 -3.293416 0.217126 
0 0 0 1 
-3.293416 0 -0.07553078 0.3985313 
0 3.294281 0 -3.4536 
0.07553077 0 -3.293416 0.217126 
0 0 0 1 
-3.293416 0 -0.07553078 0.3985313 
0 3.294281 0 -3.4536 
0.07553077 0 -3.293416 0.217126 
0 0 0 1 
-3.293416 0 -0.07553078 0.3985313 
0 3.294281 0 -3.4536 
0.07553077 0 -3.293416 0.217126 
0 0 0 1 
-3.293416 0 -0.07553078 0.3985313 
0 3.294281 0 -3.4536 
0.07553077 0 -3.293416 0.217126 
0 0 0 1 
-3.293416 0 -0.07553078 0.3985313 
0 3.294281 0 -3.4536 
0.07553077 0 -3.293416 0.217126 
0 0 0 1 
-3.293416 0 -0.07553078 0.3985313 
0 3.294281 0 -3.4536 
0.07553077 0 -3.293416 0.217126 
0 0 0 1 
-3.293416 0 -0.07553078 0.3985313 
0 3.294281 0 -3.4536 
0.07553077 0 -3.293416 0.217126 
0 0 0 1 
-3.293416 0 -0.07553078 0.3985313 
0 3.294281 0 -3.4536 
0.07553077 0 -3.293416 0.217126 
0 0 0 1 
-3.293416 0 -0.07553078 0.3985313 
0 3.294281 0 -3.4536 
0.07553077 0 -3.293416 0.217126 
0 0 0 1 
-3.293416 0 -0.07553078 0.3985313 
0 3.294281 0 -3.4536 
0.07553077 0 -3.293416 0.217126 
0 0 0 1 
-3.293416 0 -0.07553078 0.3985313 
0 3.294281 0 -3.4536 
0.07553077 0 -3.293416 0.217126 
0 0 0 1 
-3.293416 0 -0.07553078 0.3985313 
0 3.294281 0 -3.4536 
0.07553077 0 -3.293416 0.217126 
0 0 0 1 
-3.293416 0 -0.07553078 0.3985313 
0 3.294281 0 -3.4536 
0.07553077 0 -3.293416 0.217126 
0 0 0 1 
-3.293416 0 -0.07553078 0.3985313 
0 3.294281 0 -3.4536 
0.07553077 0 -3.293416 0.217126 
0 0 0 1 
-3.293416 0 -0.07553078 0.3985313 
0 3.294281 0 -3.4536 
0.07553077 0 -3.293416 0.217126 
0 0 0 1 
-3.293416 0 -0.07553078 0.3985313 
0 3.294281 0 -3.4536 
0.07553077 0 -3.293416 0.217126 
0 0 0 1 
-3.293416 0 -0.07553078 0.3985313 
0 3.294281 0 -3.4536 
0.07553077 0 -3.293416 0.217126 
0 0 0 1 
-3.293416 0 -0.07553078 0.3985313 
0 3.294281 0 -3.4536 
0.07553077 0 -3.293416 0.217126 
0 0 0 1 
-3.293416 0 -0.07553078 0.3985313 
0 3.294281 0 -3.4536 
0.07553077 0 -3.293416 0.217126 
0 0 0 1 
-3.293416 0 -0.07553078 0.3985313 
0 3.294281 0 -3.4536 
0.07553077 0 -3.293416 0.217126 
0 0 0 1 
-3.293416 0 -0.07553078 0.3985313 
0 3.294281 0 -3.4536 
0.07553077 0 -3.293416 0.217126 
0 0 0 1 
-3.293416 0 -0.07553078 0.3985313 
0 3.294281 0 -3.4536 
0.07553077 0 -3.293416 0.217126 
0 0 0 1 
-3.293416 0 -0.07553078 0.3985313 
0 3.294281 0 -3.4536 
0.07553077 0 -3.293416 0.217126 
0 0 0 1 
-3.293416 0 -0.07553078 0.3985313 
0 3.294281 0 -3.4536 
0.07553077 0 -3.293416 0.217126 
0 0 0 1 
-3.293416 0 -0.07553078 0.3985313 
0 3.294281 0 -3.4536 
0.07553077 0 -3.293416 0.217126 
0 0 0 1 
-3.293416 0 -0.07553078 0.3985313 
0 3.294281 0 -3.4536 
0.07553077 0 -3.293416 0.217126 
0 0 0 1 
-3.293416 0 -0.07553078 0.3985313 
0 3.294281 0 -3.4536 
0.07553077 0 -3.293416 0.217126 
0 0 0 1 
-3.293416 0 -0.07553078 0.3985313 
0 3.294281 0 -3.4536 
0.07553077 0 -3.293416 0.217126 
0 0 0 1 
-3.293416 0 -0.07553078 0.3985313 
0 3.294281 0 -3.4536 
0.07553077 0 -3.293416 0.217126 
0 0 0 1 
-3.293416 0 -0.07553078 0.3985313 
0 3.294281 0 -3.4536 
0.07553077 0 -3.293416 0.217126 
0 0 0 1 
-3.293416 0 -0.07553078 0.3985313 
0 3.294281 0 -3.4536 
0.07553077 0 -3.293416 0.217126 
0 0 0 1 
-3.293416 0 -0.07553078 0.3985313 
0 3.294281 0 -3.4536 
0.07553077 0 -3.293416 0.217126 
0 0 0 1 
-3.293416 0 -0.07553078 0.3985313 
0 3.294281 0 -3.4536 
0.07553077 0 -3.293416 0.217126 
0 0 0 1 
-3.293416 0 -0.07553078 0.3985313 
0 3.294281 0 -3.4536 
0.07553077 0 -3.293416 0.217126 
0 0 0 1 
-3.293416 0 -0.07553078 0.3985313 
0 3.294281 0 -3.4536 
0.07553077 0 -3.293416 0.217126 
0 0 0 1 
-3.293416 0 -0.07553078 0.3985313 
0 3.294281 0 -3.4536 
0.07553077 0 -3.293416 0.217126 
0 0 0 1 
-3.293416 0 -0.07553078 0.3985313 
0 3.294281 0 -3.4536 
0.07553077 0 -3.293416 0.217126 
0 0 0 1 
-3.293416 0 -0.07553078 0.3985313 
0 3.294281 0 -3.4536 
0.07553077 0 -3.293416 0.217126 
0 0 0 1 
</float_array>
          <technique_common>
            <accessor count="66" offset="0" source="#_0_0-Matrix-animation-output-transform-array" stride="16">
              <param type="float4x4" />
            </accessor>
          </technique_common>
        </source>
        <source id="_0_0-Interpolations">
          <Name_array id="_0_0-Interpolations-array" count="66">LINEAR
LINEAR
LINEAR
LINEAR
LINEAR
LINEAR
LINEAR
LINEAR
LINEAR
LINEAR
LINEAR
LINEAR
LINEAR
LINEAR
LINEAR
LINEAR
LINEAR
LINEAR
LINEAR
LINEAR
LINEAR
LINEAR
LINEAR
LINEAR
LINEAR
LINEAR
LINEAR
LINEAR
LINEAR
LINEAR
LINEAR
LINEAR
LINEAR
LINEAR
LINEAR
LINEAR
LINEAR
LINEAR
LINEAR
LINEAR
LINEAR
LINEAR
LINEAR
LINEAR
LINEAR
LINEAR
LINEAR
LINEAR
LINEAR
LINEAR
LINEAR
LINEAR
LINEAR
LINEAR
LINEAR
LINEAR
LINEAR
LINEAR
LINEAR
LINEAR
LINEAR
LINEAR
LINEAR
LINEAR
LINEAR
LINEAR</Name_array>
          <technique_common>
            <accessor count="66" offset="0" source="#_0_0-Interpolations-array" stride="1">
              <param type="name" />
            </accessor>
          </technique_common>
        </source>
        <sampler id="_0_0-Matrix-animation-transform">
          <input semantic="INPUT" source="#_0_0-Matrix-animation-input" />
          <input semantic="OUTPUT" source="#_0_0-Matrix-animation-output-transform" />
          <input semantic="INTERPOLATION" source="#_0_0-Interpolations" />
        </sampler>
        <channel source="#_0_0-Matrix-animation-transform" target="/matrix" />
      </animation>
      <animation id="Boy01_Body_Geo_0_1-anim" name="Boy01_Body_Geo_0_1">
        <source id="Boy01_Body_Geo_0_1-Matrix-animation-input">
          <float_array id="Boy01_Body_Geo_0_1-Matrix-animation-input-array" count="66">0
0.01666667
0.03333334
0.05
0.06666667
0.08333334
0.1
0.1166667
0.1333333
0.15
0.1666667
0.1833333
0.2
0.2166667
0.2333333
0.25
0.2666667
0.2833334
0.3
0.3166667
0.3333334
0.3500001
0.3666668
0.3833334
0.4000001
0.4166668
0.4333335
0.4500002
0.4666668
0.4833335
0.5000002
0.5166668
0.5333335
0.5500001
0.5666668
0.5833334
0.6000001
0.6166667
0.6333334
0.65
0.6666667
0.6833333
0.7
0.7166666
0.7333333
0.7499999
0.7666666
0.7833332
0.7999999
0.8166665
0.8333332
0.8499998
0.8666665
0.8833331
0.8999998
0.9166664
0.9333331
0.9499997
0.9666664
0.9833331
0.9999997
1.016666
1.033333
1.05
1.066666
1.073858
</float_array>
          <technique_common>
            <accessor count="66" offset="0" source="#Boy01_Body_Geo_0_1-Matrix-animation-input-array" stride="1">
              <param name="TIME" type="float" />
            </accessor>
          </technique_common>
        </source>
        <source id="Boy01_Body_Geo_0_1-Matrix-animation-output-transform">
          <float_array id="Boy01_Body_Geo_0_1-Matrix-animation-output-transform-array" count="1056">1 0 0 0 
0 1 0 0 
0 0 1 0 
0 0 0 1 
1 0 0 0 
0 1 0 0 
0 0 1 0 
0 0 0 1 
1 0 0 0 
0 1 0 0 
0 0 1 0 
0 0 0 1 
1 0 0 0 
0 1 0 0 
0 0 1 0 
0 0 0 1 
1 0 0 0 
0 1 0 0 
0 0 1 0 
0 0 0 1 
1 0 0 0 
0 1 0 0 
0 0 1 0 
0 0 0 1 
1 0 0 0 
0 1 0 0 
0 0 1 0 
0 0 0 1 
1 0 0 0 
0 1 0 0 
0 0 1 0 
0 0 0 1 
1 0 0 0 
0 1 0 0 
0 0 1 0 
0 0 0 1 
1 0 0 0 
0 1 0 0 
0 0 1 0 
0 0 0 1 
1 0 0 0 
0 1 0 0 
0 0 1 0 
0 0 0 1 
1 0 0 0 
0 1 0 0 
0 0 1 0 
0 0 0 1 
1 0 0 0 
0 1 0 0 
0 0 1 0 
0 0 0 1 
1 0 0 0 
0 1 0 0 
0 0 1 0 
0 0 0 1 
1 0 0 0 
0 1 0 0 
0 0 1 0 
0 0 0 1 
1 0 0 0 
0 1 0 0 
0 0 1 0 
0 0 0 1 
1 0 0 0 
0 1 0 0 
0 0 1 0 
0 0 0 1 
1 0 0 0 
0 1 0 0 
0 0 1 0 
0 0 0 1 
1 0 0 0 
0 1 0 0 
0 0 1 0 
0 0 0 1 
1 0 0 0 
0 1 0 0 
0 0 1 0 
0 0 0 1 
1 0 0 0 
0 1 0 0 
0 0 1 0 
0 0 0 1 
1 0 0 0 
0 1 0 0 
0 0 1 0 
0 0 0 1 
1 0 0 0 
0 1 0 0 
0 0 1 0 
0 0 0 1 
1 0 0 0 
0 1 0 0 
0 0 1 0 
0 0 0 1 
1 0 0 0 
0 1 0 0 
0 0 1 0 
0 0 0 1 
1 0 0 0 
0 1 0 0 
0 0 1 0 
0 0 0 1 
1 0 0 0 
0 1 0 0 
0 0 1 0 
0 0 0 1 
1 0 0 0 
0 1 0 0 
0 0 1 0 
0 0 0 1 
1 0 0 0 
0 1 0 0 
0 0 1 0 
0 0 0 1 
1 0 0 0 
0 1 0 0 
0 0 1 0 
0 0 0 1 
1 0 0 0 
0 1 0 0 
0 0 1 0 
0 0 0 1 
1 0 0 0 
0 1 0 0 
0 0 1 0 
0 0 0 1 
1 0 0 0 
0 1 0 0 
0 0 1 0 
0 0 0 1 
1 0 0 0 
0 1 0 0 
0 0 1 0 
0 0 0 1 
1 0 0 0 
0 1 0 0 
0 0 1 0 
0 0 0 1 
1 0 0 0 
0 1 0 0 
0 0 1 0 
0 0 0 1 
1 0 0 0 
0 1 0 0 
0 0 1 0 
0 0 0 1 
1 0 0 0 
0 1 0 0 
0 0 1 0 
0 0 0 1 
1 0 0 0 
0 1 0 0 
0 0 1 0 
0 0 0 1 
1 0 0 0 
0 1 0 0 
0 0 1 0 
0 0 0 1 
1 0 0 0 
0 1 0 0 
0 0 1 0 
0 0 0 1 
1 0 0 0 
0 1 0 0 
0 0 1 0 
0 0 0 1 
1 0 0 0 
0 1 0 0 
0 0 1 0 
0 0 0 1 
1 0 0 0 
0 1 0 0 
0 0 1 0 
0 0 0 1 
1 0 0 0 
0 1 0 0 
0 0 1 0 
0 0 0 1 
1 0 0 0 
0 1 0 0 
0 0 1 0 
0 0 0 1 
1 0 0 0 
0 1 0 0 
0 0 1 0 
0 0 0 1 
1 0 0 0 
0 1 0 0 
0 0 1 0 
0 0 0 1 
1 0 0 0 
0 1 0 0 
0 0 1 0 
0 0 0 1 
1 0 0 0 
0 1 0 0 
0 0 1 0 
0 0 0 1 
1 0 0 0 
0 1 0 0 
0 0 1 0 
0 0 0 1 
1 0 0 0 
0 1 0 0 
0 0 1 0 
0 0 0 1 
1 0 0 0 
0 1 0 0 
0 0 1 0 
0 0 0 1 
1 0 0 0 
0 1 0 0 
0 0 1 0 
0 0 0 1 
1 0 0 0 
0 1 0 0 
0 0 1 0 
0 0 0 1 
1 0 0 0 
0 1 0 0 
0 0 1 0 
0 0 0 1 
1 0 0 0 
0 1 0 0 
0 0 1 0 
0 0 0 1 
1 0 0 0 
0 1 0 0 
0 0 1 0 
0 0 0 1 
1 0 0 0 
0 1 0 0 
0 0 1 0 
0 0 0 1 
1 0 0 0 
0 1 0 0 
0 0 1 0 
0 0 0 1 
1 0 0 0 
0 1 0 0 
0 0 1 0 
0 0 0 1 
1 0 0 0 
0 1 0 0 
0 0 1 0 
0 0 0 1 
1 0 0 0 
0 1 0 0 
0 0 1 0 
0 0 0 1 
1 0 0 0 
0 1 0 0 
0 0 1 0 
0 0 0 1 
1 0 0 0 
0 1 0 0 
0 0 1 0 
0 0 0 1 
1 0 0 0 
0 1 0 0 
0 0 1 0 
0 0 0 1 
</float_array>
          <technique_common>
            <accessor count="66" offset="0" source="#Boy01_Body_Geo_0_1-Matrix-animation-output-transform-array" stride="16">
              <param type="float4x4" />
            </accessor>
          </technique_common>
        </source>
        <source id="Boy01_Body_Geo_0_1-Interpolations">
          <Name_array id="Boy01_Body_Geo_0_1-Interpolations-array" count="66">LINEAR
LINEAR
LINEAR
LINEAR
LINEAR
LINEAR
LINEAR
LINEAR
LINEAR
LINEAR
LINEAR
LINEAR
LINEAR
LINEAR
LINEAR
LINEAR
LINEAR
LINEAR
LINEAR
LINEAR
LINEAR
LINEAR
LINEAR
LINEAR
LINEAR
LINEAR
LINEAR
LINEAR
LINEAR
LINEAR
LINEAR
LINEAR
LINEAR
LINEAR
LINEAR
LINEAR
LINEAR
LINEAR
LINEAR
LINEAR
LINEAR
LINEAR
LINEAR
LINEAR
LINEAR
LINEAR
LINEAR
LINEAR
LINEAR
LINEAR
LINEAR
LINEAR
LINEAR
LINEAR
LINEAR
LINEAR
LINEAR
LINEAR
LINEAR
LINEAR
LINEAR
LINEAR
LINEAR
LINEAR
LINEAR
LINEAR</Name_array>
          <technique_common>
            <accessor count="66" offset="0" source="#Boy01_Body_Geo_0_1-Interpolations-array" stride="1">
              <param type="name" />
            </accessor>
          </technique_common>
        </source>
        <sampler id="Boy01_Body_Geo_0_1-Matrix-animation-transform">
          <input semantic="INPUT" source="#Boy01_Body_Geo_0_1-Matrix-animation-input" />
          <input semantic="OUTPUT" source="#Boy01_Body_Geo_0_1-Matrix-animation-output-transform" />
          <input semantic="INTERPOLATION" source="#Boy01_Body_Geo_0_1-Interpolations" />
        </sampler>
        <channel source="#Boy01_Body_Geo_0_1-Matrix-animation-transform" target="Boy01_Body_Geo/matrix" />
      </animation>
      <animation id="Boy01_Brows_Geo_0_2-anim" name="Boy01_Brows_Geo_0_2">
        <source id="Boy01_Brows_Geo_0_2-Matrix-animation-input">
          <float_array id="Boy01_Brows_Geo_0_2-Matrix-animation-input-array" count="66">0
0.01666667
0.03333334
0.05
0.06666667
0.08333334
0.1
0.1166667
0.1333333
0.15
0.1666667
0.1833333
0.2
0.2166667
0.2333333
0.25
0.2666667
0.2833334
0.3
0.3166667
0.3333334
0.3500001
0.3666668
0.3833334
0.4000001
0.4166668
0.4333335
0.4500002
0.4666668
0.4833335
0.5000002
0.5166668
0.5333335
0.5500001
0.5666668
0.5833334
0.6000001
0.6166667
0.6333334
0.65
0.6666667
0.6833333
0.7
0.7166666
0.7333333
0.7499999
0.7666666
0.7833332
0.7999999
0.8166665
0.8333332
0.8499998
0.8666665
0.8833331
0.8999998
0.9166664
0.9333331
0.9499997
0.9666664
0.9833331
0.9999997
1.016666
1.033333
1.05
1.066666
1.073858
</float_array>
          <technique_common>
            <accessor count="66" offset="0" source="#Boy01_Brows_Geo_0_2-Matrix-animation-input-array" stride="1">
              <param name="TIME" type="float" />
            </accessor>
          </technique_common>
        </source>
        <source id="Boy01_Brows_Geo_0_2-Matrix-animation-output-transform">
          <float_array id="Boy01_Brows_Geo_0_2-Matrix-animation-output-transform-array" count="1056">1 0 0 0 
0 1 0 0 
0 0 1 0 
0 0 0 1 
1 0 0 0 
0 1 0 0 
0 0 1 0 
0 0 0 1 
1 0 0 0 
0 1 0 0 
0 0 1 0 
0 0 0 1 
1 0 0 0 
0 1 0 0 
0 0 1 0 
0 0 0 1 
1 0 0 0 
0 1 0 0 
0 0 1 0 
0 0 0 1 
1 0 0 0 
0 1 0 0 
0 0 1 0 
0 0 0 1 
1 0 0 0 
0 1 0 0 
0 0 1 0 
0 0 0 1 
1 0 0 0 
0 1 0 0 
0 0 1 0 
0 0 0 1 
1 0 0 0 
0 1 0 0 
0 0 1 0 
0 0 0 1 
1 0 0 0 
0 1 0 0 
0 0 1 0 
0 0 0 1 
1 0 0 0 
0 1 0 0 
0 0 1 0 
0 0 0 1 
1 0 0 0 
0 1 0 0 
0 0 1 0 
0 0 0 1 
1 0 0 0 
0 1 0 0 
0 0 1 0 
0 0 0 1 
1 0 0 0 
0 1 0 0 
0 0 1 0 
0 0 0 1 
1 0 0 0 
0 1 0 0 
0 0 1 0 
0 0 0 1 
1 0 0 0 
0 1 0 0 
0 0 1 0 
0 0 0 1 
1 0 0 0 
0 1 0 0 
0 0 1 0 
0 0 0 1 
1 0 0 0 
0 1 0 0 
0 0 1 0 
0 0 0 1 
1 0 0 0 
0 1 0 0 
0 0 1 0 
0 0 0 1 
1 0 0 0 
0 1 0 0 
0 0 1 0 
0 0 0 1 
1 0 0 0 
0 1 0 0 
0 0 1 0 
0 0 0 1 
1 0 0 0 
0 1 0 0 
0 0 1 0 
0 0 0 1 
1 0 0 0 
0 1 0 0 
0 0 1 0 
0 0 0 1 
1 0 0 0 
0 1 0 0 
0 0 1 0 
0 0 0 1 
1 0 0 0 
0 1 0 0 
0 0 1 0 
0 0 0 1 
1 0 0 0 
0 1 0 0 
0 0 1 0 
0 0 0 1 
1 0 0 0 
0 1 0 0 
0 0 1 0 
0 0 0 1 
1 0 0 0 
0 1 0 0 
0 0 1 0 
0 0 0 1 
1 0 0 0 
0 1 0 0 
0 0 1 0 
0 0 0 1 
1 0 0 0 
0 1 0 0 
0 0 1 0 
0 0 0 1 
1 0 0 0 
0 1 0 0 
0 0 1 0 
0 0 0 1 
1 0 0 0 
0 1 0 0 
0 0 1 0 
0 0 0 1 
1 0 0 0 
0 1 0 0 
0 0 1 0 
0 0 0 1 
1 0 0 0 
0 1 0 0 
0 0 1 0 
0 0 0 1 
1 0 0 0 
0 1 0 0 
0 0 1 0 
0 0 0 1 
1 0 0 0 
0 1 0 0 
0 0 1 0 
0 0 0 1 
1 0 0 0 
0 1 0 0 
0 0 1 0 
0 0 0 1 
1 0 0 0 
0 1 0 0 
0 0 1 0 
0 0 0 1 
1 0 0 0 
0 1 0 0 
0 0 1 0 
0 0 0 1 
1 0 0 0 
0 1 0 0 
0 0 1 0 
0 0 0 1 
1 0 0 0 
0 1 0 0 
0 0 1 0 
0 0 0 1 
1 0 0 0 
0 1 0 0 
0 0 1 0 
0 0 0 1 
1 0 0 0 
0 1 0 0 
0 0 1 0 
0 0 0 1 
1 0 0 0 
0 1 0 0 
0 0 1 0 
0 0 0 1 
1 0 0 0 
0 1 0 0 
0 0 1 0 
0 0 0 1 
1 0 0 0 
0 1 0 0 
0 0 1 0 
0 0 0 1 
1 0 0 0 
0 1 0 0 
0 0 1 0 
0 0 0 1 
1 0 0 0 
0 1 0 0 
0 0 1 0 
0 0 0 1 
1 0 0 0 
0 1 0 0 
0 0 1 0 
0 0 0 1 
1 0 0 0 
0 1 0 0 
0 0 1 0 
0 0 0 1 
1 0 0 0 
0 1 0 0 
0 0 1 0 
0 0 0 1 
1 0 0 0 
0 1 0 0 
0 0 1 0 
0 0 0 1 
1 0 0 0 
0 1 0 0 
0 0 1 0 
0 0 0 1 
1 0 0 0 
0 1 0 0 
0 0 1 0 
0 0 0 1 
1 0 0 0 
0 1 0 0 
0 0 1 0 
0 0 0 1 
1 0 0 0 
0 1 0 0 
0 0 1 0 
0 0 0 1 
1 0 0 0 
0 1 0 0 
0 0 1 0 
0 0 0 1 
1 0 0 0 
0 1 0 0 
0 0 1 0 
0 0 0 1 
1 0 0 0 
0 1 0 0 
0 0 1 0 
0 0 0 1 
1 0 0 0 
0 1 0 0 
0 0 1 0 
0 0 0 1 
1 0 0 0 
0 1 0 0 
0 0 1 0 
0 0 0 1 
1 0 0 0 
0 1 0 0 
0 0 1 0 
0 0 0 1 
1 0 0 0 
0 1 0 0 
0 0 1 0 
0 0 0 1 
1 0 0 0 
0 1 0 0 
0 0 1 0 
0 0 0 1 
1 0 0 0 
0 1 0 0 
0 0 1 0 
0 0 0 1 
1 0 0 0 
0 1 0 0 
0 0 1 0 
0 0 0 1 
</float_array>
          <technique_common>
            <accessor count="66" offset="0" source="#Boy01_Brows_Geo_0_2-Matrix-animation-output-transform-array" stride="16">
              <param type="float4x4" />
            </accessor>
          </technique_common>
        </source>
        <source id="Boy01_Brows_Geo_0_2-Interpolations">
          <Name_array id="Boy01_Brows_Geo_0_2-Interpolations-array" count="66">LINEAR
LINEAR
LINEAR
LINEAR
LINEAR
LINEAR
LINEAR
LINEAR
LINEAR
LINEAR
LINEAR
LINEAR
LINEAR
LINEAR
LINEAR
LINEAR
LINEAR
LINEAR
LINEAR
LINEAR
LINEAR
LINEAR
LINEAR
LINEAR
LINEAR
LINEAR
LINEAR
LINEAR
LINEAR
LINEAR
LINEAR
LINEAR
LINEAR
LINEAR
LINEAR
LINEAR
LINEAR
LINEAR
LINEAR
LINEAR
LINEAR
LINEAR
LINEAR
LINEAR
LINEAR
LINEAR
LINEAR
LINEAR
LINEAR
LINEAR
LINEAR
LINEAR
LINEAR
LINEAR
LINEAR
LINEAR
LINEAR
LINEAR
LINEAR
LINEAR
LINEAR
LINEAR
LINEAR
LINEAR
LINEAR
LINEAR</Name_array>
          <technique_common>
            <accessor count="66" offset="0" source="#Boy01_Brows_Geo_0_2-Interpolations-array" stride="1">
              <param type="name" />
            </accessor>
          </technique_common>
        </source>
        <sampler id="Boy01_Brows_Geo_0_2-Matrix-animation-transform">
          <input semantic="INPUT" source="#Boy01_Brows_Geo_0_2-Matrix-animation-input" />
          <input semantic="OUTPUT" source="#Boy01_Brows_Geo_0_2-Matrix-animation-output-transform" />
          <input semantic="INTERPOLATION" source="#Boy01_Brows_Geo_0_2-Interpolations" />
        </sampler>
        <channel source="#Boy01_Brows_Geo_0_2-Matrix-animation-transform" target="Boy01_Brows_Geo/matrix" />
      </animation>
      <animation id="Boy01_Eyes_Geo_0_3-anim" name="Boy01_Eyes_Geo_0_3">
        <source id="Boy01_Eyes_Geo_0_3-Matrix-animation-input">
          <float_array id="Boy01_Eyes_Geo_0_3-Matrix-animation-input-array" count="66">0
0.01666667
0.03333334
0.05
0.06666667
0.08333334
0.1
0.1166667
0.1333333
0.15
0.1666667
0.1833333
0.2
0.2166667
0.2333333
0.25
0.2666667
0.2833334
0.3
0.3166667
0.3333334
0.3500001
0.3666668
0.3833334
0.4000001
0.4166668
0.4333335
0.4500002
0.4666668
0.4833335
0.5000002
0.5166668
0.5333335
0.5500001
0.5666668
0.5833334
0.6000001
0.6166667
0.6333334
0.65
0.6666667
0.6833333
0.7
0.7166666
0.7333333
0.7499999
0.7666666
0.7833332
0.7999999
0.8166665
0.8333332
0.8499998
0.8666665
0.8833331
0.8999998
0.9166664
0.9333331
0.9499997
0.9666664
0.9833331
0.9999997
1.016666
1.033333
1.05
1.066666
1.073858
</float_array>
          <technique_common>
            <accessor count="66" offset="0" source="#Boy01_Eyes_Geo_0_3-Matrix-animation-input-array" stride="1">
              <param name="TIME" type="float" />
            </accessor>
          </technique_common>
        </source>
        <source id="Boy01_Eyes_Geo_0_3-Matrix-animation-output-transform">
          <float_array id="Boy01_Eyes_Geo_0_3-Matrix-animation-output-transform-array" count="1056">1 0 0 0 
0 1 0 0 
0 0 1 0 
0 0 0 1 
1 0 0 0 
0 1 0 0 
0 0 1 0 
0 0 0 1 
1 0 0 0 
0 1 0 0 
0 0 1 0 
0 0 0 1 
1 0 0 0 
0 1 0 0 
0 0 1 0 
0 0 0 1 
1 0 0 0 
0 1 0 0 
0 0 1 0 
0 0 0 1 
1 0 0 0 
0 1 0 0 
0 0 1 0 
0 0 0 1 
1 0 0 0 
0 1 0 0 
0 0 1 0 
0 0 0 1 
1 0 0 0 
0 1 0 0 
0 0 1 0 
0 0 0 1 
1 0 0 0 
0 1 0 0 
0 0 1 0 
0 0 0 1 
1 0 0 0 
0 1 0 0 
0 0 1 0 
0 0 0 1 
1 0 0 0 
0 1 0 0 
0 0 1 0 
0 0 0 1 
1 0 0 0 
0 1 0 0 
0 0 1 0 
0 0 0 1 
1 0 0 0 
0 1 0 0 
0 0 1 0 
0 0 0 1 
1 0 0 0 
0 1 0 0 
0 0 1 0 
0 0 0 1 
1 0 0 0 
0 1 0 0 
0 0 1 0 
0 0 0 1 
1 0 0 0 
0 1 0 0 
0 0 1 0 
0 0 0 1 
1 0 0 0 
0 1 0 0 
0 0 1 0 
0 0 0 1 
1 0 0 0 
0 1 0 0 
0 0 1 0 
0 0 0 1 
1 0 0 0 
0 1 0 0 
0 0 1 0 
0 0 0 1 
1 0 0 0 
0 1 0 0 
0 0 1 0 
0 0 0 1 
1 0 0 0 
0 1 0 0 
0 0 1 0 
0 0 0 1 
1 0 0 0 
0 1 0 0 
0 0 1 0 
0 0 0 1 
1 0 0 0 
0 1 0 0 
0 0 1 0 
0 0 0 1 
1 0 0 0 
0 1 0 0 
0 0 1 0 
0 0 0 1 
1 0 0 0 
0 1 0 0 
0 0 1 0 
0 0 0 1 
1 0 0 0 
0 1 0 0 
0 0 1 0 
0 0 0 1 
1 0 0 0 
0 1 0 0 
0 0 1 0 
0 0 0 1 
1 0 0 0 
0 1 0 0 
0 0 1 0 
0 0 0 1 
1 0 0 0 
0 1 0 0 
0 0 1 0 
0 0 0 1 
1 0 0 0 
0 1 0 0 
0 0 1 0 
0 0 0 1 
1 0 0 0 
0 1 0 0 
0 0 1 0 
0 0 0 1 
1 0 0 0 
0 1 0 0 
0 0 1 0 
0 0 0 1 
1 0 0 0 
0 1 0 0 
0 0 1 0 
0 0 0 1 
1 0 0 0 
0 1 0 0 
0 0 1 0 
0 0 0 1 
1 0 0 0 
0 1 0 0 
0 0 1 0 
0 0 0 1 
1 0 0 0 
0 1 0 0 
0 0 1 0 
0 0 0 1 
1 0 0 0 
0 1 0 0 
0 0 1 0 
0 0 0 1 
1 0 0 0 
0 1 0 0 
0 0 1 0 
0 0 0 1 
1 0 0 0 
0 1 0 0 
0 0 1 0 
0 0 0 1 
1 0 0 0 
0 1 0 0 
0 0 1 0 
0 0 0 1 
1 0 0 0 
0 1 0 0 
0 0 1 0 
0 0 0 1 
1 0 0 0 
0 1 0 0 
0 0 1 0 
0 0 0 1 
1 0 0 0 
0 1 0 0 
0 0 1 0 
0 0 0 1 
1 0 0 0 
0 1 0 0 
0 0 1 0 
0 0 0 1 
1 0 0 0 
0 1 0 0 
0 0 1 0 
0 0 0 1 
1 0 0 0 
0 1 0 0 
0 0 1 0 
0 0 0 1 
1 0 0 0 
0 1 0 0 
0 0 1 0 
0 0 0 1 
1 0 0 0 
0 1 0 0 
0 0 1 0 
0 0 0 1 
1 0 0 0 
0 1 0 0 
0 0 1 0 
0 0 0 1 
1 0 0 0 
0 1 0 0 
0 0 1 0 
0 0 0 1 
1 0 0 0 
0 1 0 0 
0 0 1 0 
0 0 0 1 
1 0 0 0 
0 1 0 0 
0 0 1 0 
0 0 0 1 
1 0 0 0 
0 1 0 0 
0 0 1 0 
0 0 0 1 
1 0 0 0 
0 1 0 0 
0 0 1 0 
0 0 0 1 
1 0 0 0 
0 1 0 0 
0 0 1 0 
0 0 0 1 
1 0 0 0 
0 1 0 0 
0 0 1 0 
0 0 0 1 
1 0 0 0 
0 1 0 0 
0 0 1 0 
0 0 0 1 
1 0 0 0 
0 1 0 0 
0 0 1 0 
0 0 0 1 
1 0 0 0 
0 1 0 0 
0 0 1 0 
0 0 0 1 
1 0 0 0 
0 1 0 0 
0 0 1 0 
0 0 0 1 
1 0 0 0 
0 1 0 0 
0 0 1 0 
0 0 0 1 
1 0 0 0 
0 1 0 0 
0 0 1 0 
0 0 0 1 
1 0 0 0 
0 1 0 0 
0 0 1 0 
0 0 0 1 
1 0 0 0 
0 1 0 0 
0 0 1 0 
0 0 0 1 
1 0 0 0 
0 1 0 0 
0 0 1 0 
0 0 0 1 
1 0 0 0 
0 1 0 0 
0 0 1 0 
0 0 0 1 
</float_array>
          <technique_common>
            <accessor count="66" offset="0" source="#Boy01_Eyes_Geo_0_3-Matrix-animation-output-transform-array" stride="16">
              <param type="float4x4" />
            </accessor>
          </technique_common>
        </source>
        <source id="Boy01_Eyes_Geo_0_3-Interpolations">
          <Name_array id="Boy01_Eyes_Geo_0_3-Interpolations-array" count="66">LINEAR
LINEAR
LINEAR
LINEAR
LINEAR
LINEAR
LINEAR
LINEAR
LINEAR
LINEAR
LINEAR
LINEAR
LINEAR
LINEAR
LINEAR
LINEAR
LINEAR
LINEAR
LINEAR
LINEAR
LINEAR
LINEAR
LINEAR
LINEAR
LINEAR
LINEAR
LINEAR
LINEAR
LINEAR
LINEAR
LINEAR
LINEAR
LINEAR
LINEAR
LINEAR
LINEAR
LINEAR
LINEAR
LINEAR
LINEAR
LINEAR
LINEAR
LINEAR
LINEAR
LINEAR
LINEAR
LINEAR
LINEAR
LINEAR
LINEAR
LINEAR
LINEAR
LINEAR
LINEAR
LINEAR
LINEAR
LINEAR
LINEAR
LINEAR
LINEAR
LINEAR
LINEAR
LINEAR
LINEAR
LINEAR
LINEAR</Name_array>
          <technique_common>
            <accessor count="66" offset="0" source="#Boy01_Eyes_Geo_0_3-Interpolations-array" stride="1">
              <param type="name" />
            </accessor>
          </technique_common>
        </source>
        <sampler id="Boy01_Eyes_Geo_0_3-Matrix-animation-transform">
          <input semantic="INPUT" source="#Boy01_Eyes_Geo_0_3-Matrix-animation-input" />
          <input semantic="OUTPUT" source="#Boy01_Eyes_Geo_0_3-Matrix-animation-output-transform" />
          <input semantic="INTERPOLATION" source="#Boy01_Eyes_Geo_0_3-Interpolations" />
        </sampler>
        <channel source="#Boy01_Eyes_Geo_0_3-Matrix-animation-transform" target="Boy01_Eyes_Geo/matrix" />
      </animation>
      <animation id="h_Geo_0_4-anim" name="h_Geo_0_4">
        <source id="h_Geo_0_4-Matrix-animation-input">
          <float_array id="h_Geo_0_4-Matrix-animation-input-array" count="66">0
0.01666667
0.03333334
0.05
0.06666667
0.08333334
0.1
0.1166667
0.1333333
0.15
0.1666667
0.1833333
0.2
0.2166667
0.2333333
0.25
0.2666667
0.2833334
0.3
0.3166667
0.3333334
0.3500001
0.3666668
0.3833334
0.4000001
0.4166668
0.4333335
0.4500002
0.4666668
0.4833335
0.5000002
0.5166668
0.5333335
0.5500001
0.5666668
0.5833334
0.6000001
0.6166667
0.6333334
0.65
0.6666667
0.6833333
0.7
0.7166666
0.7333333
0.7499999
0.7666666
0.7833332
0.7999999
0.8166665
0.8333332
0.8499998
0.8666665
0.8833331
0.8999998
0.9166664
0.9333331
0.9499997
0.9666664
0.9833331
0.9999997
1.016666
1.033333
1.05
1.066666
1.073858
</float_array>
          <technique_common>
            <accessor count="66" offset="0" source="#h_Geo_0_4-Matrix-animation-input-array" stride="1">
              <param name="TIME" type="float" />
            </accessor>
          </technique_common>
        </source>
        <source id="h_Geo_0_4-Matrix-animation-output-transform">
          <float_array id="h_Geo_0_4-Matrix-animation-output-transform-array" count="1056">1 0 0 0 
0 1 0 0 
0 0 1 0 
0 0 0 1 
1 0 0 0 
0 1 0 0 
0 0 1 0 
0 0 0 1 
1 0 0 0 
0 1 0 0 
0 0 1 0 
0 0 0 1 
1 0 0 0 
0 1 0 0 
0 0 1 0 
0 0 0 1 
1 0 0 0 
0 1 0 0 
0 0 1 0 
0 0 0 1 
1 0 0 0 
0 1 0 0 
0 0 1 0 
0 0 0 1 
1 0 0 0 
0 1 0 0 
0 0 1 0 
0 0 0 1 
1 0 0 0 
0 1 0 0 
0 0 1 0 
0 0 0 1 
1 0 0 0 
0 1 0 0 
0 0 1 0 
0 0 0 1 
1 0 0 0 
0 1 0 0 
0 0 1 0 
0 0 0 1 
1 0 0 0 
0 1 0 0 
0 0 1 0 
0 0 0 1 
1 0 0 0 
0 1 0 0 
0 0 1 0 
0 0 0 1 
1 0 0 0 
0 1 0 0 
0 0 1 0 
0 0 0 1 
1 0 0 0 
0 1 0 0 
0 0 1 0 
0 0 0 1 
1 0 0 0 
0 1 0 0 
0 0 1 0 
0 0 0 1 
1 0 0 0 
0 1 0 0 
0 0 1 0 
0 0 0 1 
1 0 0 0 
0 1 0 0 
0 0 1 0 
0 0 0 1 
1 0 0 0 
0 1 0 0 
0 0 1 0 
0 0 0 1 
1 0 0 0 
0 1 0 0 
0 0 1 0 
0 0 0 1 
1 0 0 0 
0 1 0 0 
0 0 1 0 
0 0 0 1 
1 0 0 0 
0 1 0 0 
0 0 1 0 
0 0 0 1 
1 0 0 0 
0 1 0 0 
0 0 1 0 
0 0 0 1 
1 0 0 0 
0 1 0 0 
0 0 1 0 
0 0 0 1 
1 0 0 0 
0 1 0 0 
0 0 1 0 
0 0 0 1 
1 0 0 0 
0 1 0 0 
0 0 1 0 
0 0 0 1 
1 0 0 0 
0 1 0 0 
0 0 1 0 
0 0 0 1 
1 0 0 0 
0 1 0 0 
0 0 1 0 
0 0 0 1 
1 0 0 0 
0 1 0 0 
0 0 1 0 
0 0 0 1 
1 0 0 0 
0 1 0 0 
0 0 1 0 
0 0 0 1 
1 0 0 0 
0 1 0 0 
0 0 1 0 
0 0 0 1 
1 0 0 0 
0 1 0 0 
0 0 1 0 
0 0 0 1 
1 0 0 0 
0 1 0 0 
0 0 1 0 
0 0 0 1 
1 0 0 0 
0 1 0 0 
0 0 1 0 
0 0 0 1 
1 0 0 0 
0 1 0 0 
0 0 1 0 
0 0 0 1 
1 0 0 0 
0 1 0 0 
0 0 1 0 
0 0 0 1 
1 0 0 0 
0 1 0 0 
0 0 1 0 
0 0 0 1 
1 0 0 0 
0 1 0 0 
0 0 1 0 
0 0 0 1 
1 0 0 0 
0 1 0 0 
0 0 1 0 
0 0 0 1 
1 0 0 0 
0 1 0 0 
0 0 1 0 
0 0 0 1 
1 0 0 0 
0 1 0 0 
0 0 1 0 
0 0 0 1 
1 0 0 0 
0 1 0 0 
0 0 1 0 
0 0 0 1 
1 0 0 0 
0 1 0 0 
0 0 1 0 
0 0 0 1 
1 0 0 0 
0 1 0 0 
0 0 1 0 
0 0 0 1 
1 0 0 0 
0 1 0 0 
0 0 1 0 
0 0 0 1 
1 0 0 0 
0 1 0 0 
0 0 1 0 
0 0 0 1 
1 0 0 0 
0 1 0 0 
0 0 1 0 
0 0 0 1 
1 0 0 0 
0 1 0 0 
0 0 1 0 
0 0 0 1 
1 0 0 0 
0 1 0 0 
0 0 1 0 
0 0 0 1 
1 0 0 0 
0 1 0 0 
0 0 1 0 
0 0 0 1 
1 0 0 0 
0 1 0 0 
0 0 1 0 
0 0 0 1 
1 0 0 0 
0 1 0 0 
0 0 1 0 
0 0 0 1 
1 0 0 0 
0 1 0 0 
0 0 1 0 
0 0 0 1 
1 0 0 0 
0 1 0 0 
0 0 1 0 
0 0 0 1 
1 0 0 0 
0 1 0 0 
0 0 1 0 
0 0 0 1 
1 0 0 0 
0 1 0 0 
0 0 1 0 
0 0 0 1 
1 0 0 0 
0 1 0 0 
0 0 1 0 
0 0 0 1 
1 0 0 0 
0 1 0 0 
0 0 1 0 
0 0 0 1 
1 0 0 0 
0 1 0 0 
0 0 1 0 
0 0 0 1 
1 0 0 0 
0 1 0 0 
0 0 1 0 
0 0 0 1 
1 0 0 0 
0 1 0 0 
0 0 1 0 
0 0 0 1 
1 0 0 0 
0 1 0 0 
0 0 1 0 
0 0 0 1 
1 0 0 0 
0 1 0 0 
0 0 1 0 
0 0 0 1 
1 0 0 0 
0 1 0 0 
0 0 1 0 
0 0 0 1 
1 0 0 0 
0 1 0 0 
0 0 1 0 
0 0 0 1 
1 0 0 0 
0 1 0 0 
0 0 1 0 
0 0 0 1 
1 0 0 0 
0 1 0 0 
0 0 1 0 
0 0 0 1 
</float_array>
          <technique_common>
            <accessor count="66" offset="0" source="#h_Geo_0_4-Matrix-animation-output-transform-array" stride="16">
              <param type="float4x4" />
            </accessor>
          </technique_common>
        </source>
        <source id="h_Geo_0_4-Interpolations">
          <Name_array id="h_Geo_0_4-Interpolations-array" count="66">LINEAR
LINEAR
LINEAR
LINEAR
LINEAR
LINEAR
LINEAR
LINEAR
LINEAR
LINEAR
LINEAR
LINEAR
LINEAR
LINEAR
LINEAR
LINEAR
LINEAR
LINEAR
LINEAR
LINEAR
LINEAR
LINEAR
LINEAR
LINEAR
LINEAR
LINEAR
LINEAR
LINEAR
LINEAR
LINEAR
LINEAR
LINEAR
LINEAR
LINEAR
LINEAR
LINEAR
LINEAR
LINEAR
LINEAR
LINEAR
LINEAR
LINEAR
LINEAR
LINEAR
LINEAR
LINEAR
LINEAR
LINEAR
LINEAR
LINEAR
LINEAR
LINEAR
LINEAR
LINEAR
LINEAR
LINEAR
LINEAR
LINEAR
LINEAR
LINEAR
LINEAR
LINEAR
LINEAR
LINEAR
LINEAR
LINEAR</Name_array>
          <technique_common>
            <accessor count="66" offset="0" source="#h_Geo_0_4-Interpolations-array" stride="1">
              <param type="name" />
            </accessor>
          </technique_common>
        </source>
        <sampler id="h_Geo_0_4-Matrix-animation-transform">
          <input semantic="INPUT" source="#h_Geo_0_4-Matrix-animation-input" />
          <input semantic="OUTPUT" source="#h_Geo_0_4-Matrix-animation-output-transform" />
          <input semantic="INTERPOLATION" source="#h_Geo_0_4-Interpolations" />
        </sampler>
        <channel source="#h_Geo_0_4-Matrix-animation-transform" target="h_Geo/matrix" />
      </animation>
      <animation id="Hips_0_5-anim" name="Hips_0_5">
        <source id="Hips_0_5-Matrix-animation-input">
          <float_array id="Hips_0_5-Matrix-animation-input-array" count="66">0
0.01666667
0.03333334
0.05
0.06666667
0.08333334
0.1
0.1166667
0.1333333
0.15
0.1666667
0.1833333
0.2
0.2166667
0.2333333
0.25
0.2666667
0.2833334
0.3
0.3166667
0.3333334
0.3500001
0.3666668
0.3833334
0.4000001
0.4166668
0.4333335
0.4500002
0.4666668
0.4833335
0.5000002
0.5166668
0.5333335
0.5500001
0.5666668
0.5833334
0.6000001
0.6166667
0.6333334
0.65
0.6666667
0.6833333
0.7
0.7166666
0.7333333
0.7499999
0.7666666
0.7833332
0.7999999
0.8166665
0.8333332
0.8499998
0.8666665
0.8833331
0.8999998
0.9166664
0.9333331
0.9499997
0.9666664
0.9833331
0.9999997
1.016666
1.033333
1.05
1.066666
1.073858
</float_array>
          <technique_common>
            <accessor count="66" offset="0" source="#Hips_0_5-Matrix-animation-input-array" stride="1">
              <param name="TIME" type="float" />
            </accessor>
          </technique_common>
        </source>
        <source id="Hips_0_5-Matrix-animation-output-transform">
          <float_array id="Hips_0_5-Matrix-animation-output-transform-array" count="1056">0.9215702 -0.1421943 0.3612328 4.416815E-09 
0.01823161 0.9453304 0.3256042 0.832392 
-0.3877834 -0.2934813 0.8737807 0.004143002 
0 0 0 1 
0.9215702 -0.1421943 0.3612328 4.416815E-09 
0.01823161 0.9453304 0.3256042 0.832392 
-0.3877834 -0.2934813 0.8737807 0.004143002 
0 0 0 1 
0.9215702 -0.1421943 0.3612328 4.416815E-09 
0.01823161 0.9453304 0.3256042 0.832392 
-0.3877834 -0.2934813 0.8737807 0.004143002 
0 0 0 1 
0.9215702 -0.1421943 0.3612328 4.416815E-09 
0.01823161 0.9453304 0.3256042 0.832392 
-0.3877834 -0.2934813 0.8737807 0.004143002 
0 0 0 1 
0.9215727 -0.1421926 0.3612272 4.416815E-09 
0.01823227 0.9453308 0.3256029 0.832392 
-0.3877775 -0.2934808 0.8737835 0.004143002 
0 0 0 1 
0.9215859 -0.142182 0.3611975 4.416815E-09 
0.01823481 0.9453332 0.3255958 0.832392 
-0.3877459 -0.2934781 0.8737985 0.004143002 
0 0 0 1 
0.921599 -0.1421711 0.3611687 4.416815E-09 
0.01823677 0.9453356 0.3255887 0.832392 
-0.387715 -0.2934757 0.873813 0.004143002 
0 0 0 1 
0.9216126 -0.1421609 0.3611377 4.416815E-09 
0.01824016 0.9453381 0.3255814 0.832392 
-0.3876821 -0.2934728 0.8738285 0.004143002 
0 0 0 1 
0.9216282 -0.142152 0.3611014 4.416815E-09 
0.01824707 0.9453406 0.3255736 0.832392 
-0.3876448 -0.2934687 0.8738465 0.004143002 
0 0 0 1 
0.9216458 -0.142145 0.3610594 4.416815E-09 
0.01825812 0.9453434 0.325565 0.832392 
-0.3876025 -0.2934633 0.873867 0.004143002 
0 0 0 1 
0.9216642 -0.1421391 0.3610147 4.416815E-09 
0.01827143 0.9453462 0.325556 0.832392 
-0.3875581 -0.2934571 0.8738889 0.004143002 
0 0 0 1 
0.9216842 -0.1421342 0.3609655 4.416815E-09 
0.01828765 0.9453492 0.3255465 0.832392 
-0.3875097 -0.2934499 0.8739127 0.004143002 
0 0 0 1 
0.9217066 -0.1421305 0.3609099 4.416815E-09 
0.01830739 0.9453523 0.3255364 0.832392 
-0.3874556 -0.2934417 0.8739394 0.004143002 
0 0 0 1 
0.9217321 -0.1421277 0.3608459 4.416815E-09 
0.01833137 0.9453555 0.3255256 0.832392 
-0.3873939 -0.2934325 0.8739699 0.004143002 
0 0 0 1 
0.9217613 -0.1421261 0.3607717 4.416815E-09 
0.01836073 0.9453591 0.3255134 0.832392 
-0.3873227 -0.2934217 0.8740051 0.004143002 
0 0 0 1 
0.9217942 -0.1421259 0.3606878 4.416815E-09 
0.01839527 0.945363 0.3255002 0.832392 
-0.3872429 -0.2934092 0.8740447 0.004143002 
0 0 0 1 
0.9218298 -0.1421267 0.3605966 4.416815E-09 
0.01843349 0.945367 0.3254866 0.832392 
-0.3871565 -0.2933962 0.8740873 0.004143002 
0 0 0 1 
0.9218673 -0.1421281 0.3605001 4.416815E-09 
0.01847391 0.9453707 0.3254736 0.832392 
-0.3870652 -0.2933836 0.8741319 0.004143002 
0 0 0 1 
0.921908 -0.1421306 0.360395 4.416815E-09 
0.0185182 0.9453741 0.3254611 0.832392 
-0.3869661 -0.2933713 0.87418 0.004143002 
0 0 0 1 
0.9219519 -0.1421342 0.3602813 4.416815E-09 
0.01856648 0.9453774 0.3254487 0.832392 
-0.3868592 -0.2933589 0.8742314 0.004143002 
0 0 0 1 
0.9219956 -0.1421377 0.3601682 4.416815E-09 
0.01861393 0.9453803 0.3254375 0.832392 
-0.3867528 -0.2933477 0.8742822 0.004143002 
0 0 0 1 
0.9220356 -0.1421401 0.3600647 4.416815E-09 
0.0186561 0.9453827 0.3254283 0.832392 
-0.3866553 -0.293339 0.8743283 0.004143002 
0 0 0 1 
0.9220713 -0.1421425 0.3599723 4.416815E-09 
0.01869351 0.9453844 0.3254209 0.832392 
-0.3865683 -0.2933322 0.874369 0.004143002 
0 0 0 1 
0.9221053 -0.1421445 0.3598843 4.416815E-09 
0.01872853 0.9453858 0.3254149 0.832392 
-0.3864855 -0.2933267 0.8744075 0.004143002 
0 0 0 1 
0.9221407 -0.1421455 0.3597933 4.416815E-09 
0.01876329 0.945387 0.3254095 0.832392 
-0.3863994 -0.2933224 0.874447 0.004143002 
0 0 0 1 
0.9221804 -0.1421448 0.3596917 4.416815E-09 
0.01879991 0.9453881 0.3254041 0.832392 
-0.3863028 -0.2933191 0.8744907 0.004143002 
0 0 0 1 
0.922227 -0.142142 0.3595734 4.416815E-09 
0.01884022 0.9453893 0.3253984 0.832392 
-0.3861896 -0.2933167 0.8745415 0.004143002 
0 0 0 1 
0.9222794 -0.1421373 0.3594407 4.416815E-09 
0.01888345 0.9453903 0.3253928 0.832392 
-0.3860623 -0.2933156 0.8745981 0.004143002 
0 0 0 1 
0.9223354 -0.1421307 0.3592998 4.416815E-09 
0.01892749 0.9453913 0.3253874 0.832392 
-0.3859265 -0.2933157 0.874658 0.004143002 
0 0 0 1 
0.9223924 -0.1421222 0.3591567 4.416815E-09 
0.01897026 0.9453923 0.3253823 0.832392 
-0.385788 -0.2933168 0.8747187 0.004143002 
0 0 0 1 
0.9224504 -0.1421112 0.3590122 4.416815E-09 
0.01901069 0.9453931 0.3253775 0.832392 
-0.3856475 -0.2933195 0.8747798 0.004143002 
0 0 0 1 
0.9225109 -0.1420972 0.3588622 4.416815E-09 
0.01904989 0.9453938 0.3253732 0.832392 
-0.3855007 -0.293324 0.874843 0.004143002 
0 0 0 1 
0.9225709 -0.1420824 0.3587138 4.416815E-09 
0.01908772 0.9453946 0.3253685 0.832392 
-0.3853552 -0.2933285 0.8749056 0.004143002 
0 0 0 1 
0.9226271 -0.1420686 0.3585746 4.416815E-09 
0.01912397 0.9453959 0.3253627 0.832392 
-0.3852187 -0.2933311 0.8749648 0.004143002 
0 0 0 1 
0.9226782 -0.1420563 0.3584479 4.416815E-09 
0.01915775 0.9453974 0.3253562 0.832392 
-0.3850947 -0.293332 0.8750191 0.004143002 
0 0 0 1 
0.9227268 -0.1420444 0.3583278 4.416815E-09 
0.01918997 0.9453993 0.325349 0.832392 
-0.3849769 -0.2933319 0.875071 0.004143002 
0 0 0 1 
0.9227756 -0.142032 0.358207 4.416815E-09 
0.01922222 0.9454014 0.325341 0.832392 
-0.3848582 -0.2933311 0.8751234 0.004143002 
0 0 0 1 
0.9228277 -0.1420178 0.3580783 4.416815E-09 
0.01925596 0.9454039 0.3253317 0.832392 
-0.3847315 -0.29333 0.8751795 0.004143002 
0 0 0 1 
0.9228865 -0.1420015 0.357933 4.416815E-09 
0.0192939 0.9454069 0.3253208 0.832392 
-0.3845884 -0.2933283 0.875243 0.004143002 
0 0 0 1 
0.9229512 -0.1419835 0.3577735 4.416815E-09 
0.01933581 0.9454104 0.3253082 0.832392 
-0.3844312 -0.2933257 0.8753129 0.004143002 
0 0 0 1 
0.9230151 -0.1419634 0.3576165 4.416815E-09 
0.01937515 0.9454142 0.3252946 0.832392 
-0.3842756 -0.2933229 0.8753822 0.004143002 
0 0 0 1 
0.923072 -0.1419409 0.3574786 4.416815E-09 
0.01940547 0.9454184 0.3252807 0.832392 
-0.3841375 -0.2933205 0.8754436 0.004143002 
0 0 0 1 
0.9231222 -0.1419153 0.3573592 4.416815E-09 
0.01942646 0.9454228 0.3252665 0.832392 
-0.3840158 -0.2933185 0.8754976 0.004143002 
0 0 0 1 
0.9231683 -0.1418876 0.3572509 4.416815E-09 
0.01944168 0.9454275 0.3252519 0.832392 
-0.383904 -0.2933167 0.8755473 0.004143002 
0 0 0 1 
0.9232122 -0.1418592 0.3571489 4.416815E-09 
0.01945418 0.9454325 0.3252368 0.832392 
-0.383798 -0.2933145 0.8755945 0.004143002 
0 0 0 1 
0.9232551 -0.1418315 0.3570489 4.416815E-09 
0.01946689 0.9454376 0.3252213 0.832392 
-0.383694 -0.2933116 0.875641 0.004143002 
0 0 0 1 
0.9232965 -0.1418061 0.3569519 4.416815E-09 
0.01948062 0.9454424 0.3252065 0.832392 
-0.3835937 -0.2933083 0.875686 0.004143002 
0 0 0 1 
0.9233363 -0.1417809 0.356859 4.416815E-09 
0.01949337 0.9454473 0.3251914 0.832392 
-0.3834973 -0.2933047 0.8757296 0.004143002 
0 0 0 1 
0.9233749 -0.1417534 0.3567699 4.416815E-09 
0.0195029 0.9454527 0.325175 0.832392 
-0.3834037 -0.2933004 0.8757719 0.004143002 
0 0 0 1 
0.923413 -0.1417207 0.3566843 4.416815E-09 
0.01950709 0.9454592 0.325156 0.832392 
-0.3833117 -0.2932954 0.8758138 0.004143002 
0 0 0 1 
0.9234515 -0.14168 0.3566008 4.416815E-09 
0.01950415 0.9454672 0.3251328 0.832392 
-0.3832192 -0.2932892 0.8758565 0.004143002 
0 0 0 1 
0.9234902 -0.1416319 0.3565196 4.416815E-09 
0.01949466 0.9454767 0.3251057 0.832392 
-0.3831263 -0.2932817 0.8758996 0.004143002 
0 0 0 1 
0.9235263 -0.1415808 0.3564465 4.416815E-09 
0.01947982 0.9454868 0.3250774 0.832392 
-0.3830402 -0.293274 0.8759398 0.004143002 
0 0 0 1 
0.9235568 -0.1415309 0.3563872 4.416815E-09 
0.01946074 0.9454964 0.3250506 0.832392 
-0.3829676 -0.2932671 0.8759739 0.004143002 
0 0 0 1 
