<?xml version="1.0" encoding="utf-8"?>
<COLLADA xmlns:xsi="http://www.w3.org/2001/XMLSchema-instance" xmlns:xsd="http://www.w3.org/2001/XMLSchema" version="1.4.1" xmlns="http://www.collada.org/2005/11/COLLADASchema">
  <asset>
    <created>2017-03-30T14:39:08.6674474+08:00</created>
    <modified>2017-03-30T14:39:08.6674474+08:00</modified>
    <unit meter="1" name="meter" />
    <up_axis>Y_UP</up_axis>
    <contributor>
      <authoring_tool>Skele: Character Animation Tools</authoring_tool>
      <comments>https://www.assetstore.unity3d.com/en/#!/content/16899</comments>
    </contributor>
    <revision>1.0</revision>
  </asset>
  <library_animation_clips>
    <animation_clip name="which-2" start="0" end="2.3281850814819336">
      <instance_animation url="which-2_0" />
    </animation_clip>
  </library_animation_clips>
  <library_animations>
    <animation id="which-2_0" name="which-2" />
  </library_animations>
  <library_visual_scenes>
    <visual_scene id="DefaultScene">
      <extra>
        <technique profile="MAX3D">
          <frame_rate xmlns="">60.00</frame_rate>
        </technique>
      </extra>
      <node id="scene_node0" sid="Boy01_Body_Geo" name="Boy01_Body_Geo" type="NODE">
        <matrix sid="matrix">1 0 0 0 
0 1 0 0 
0 0 1 0 
0 0 0 1 
</matrix>
        <instance_controller url="#controller0" />
      </node>
      <node id="scene_node1" sid="Boy01_Brows_Geo" name="Boy01_Brows_Geo" type="NODE">
        <matrix sid="matrix">1 0 0 0 
0 1 0 0 
0 0 1 0 
0 0 0 1 
</matrix>
        <instance_controller url="#controller1" />
      </node>
      <node id="scene_node2" sid="Boy01_Eyes_Geo" name="Boy01_Eyes_Geo" type="NODE">
        <matrix sid="matrix">1 0 0 0 
0 1 0 0 
0 0 1 0 
0 0 0 1 
</matrix>
        <instance_controller url="#controller2" />
      </node>
      <node id="scene_node3" sid="h_Geo" name="h_Geo" type="NODE">
        <matrix sid="matrix">1 0 0 0 
0 1 0 0 
0 0 1 0 
0 0 0 1 
</matrix>
        <instance_controller url="#controller3" />
      </node>
      <node id="Hips" sid="Hips" name="Hips" type="JOINT">
        <matrix sid="matrix">1 8.855234E-08 2.991266E-09 4.416815E-09 
-8.855234E-08 1 -1.327113E-16 0.832392 
-2.991266E-09 -1.321723E-16 1 0.004143002 
0 0 0 1 
</matrix>
        <node id="Pelvis" sid="Pelvis" name="Pelvis" type="JOINT">
          <matrix sid="matrix">1 0 0 0 
0 1 0 0 
0 0 1 0 
0 0 0 1 
</matrix>
          <node id="LeftUpLeg" sid="LeftUpLeg" name="LeftUpLeg" type="JOINT">
            <matrix sid="matrix">-0.9999851 -0.003676361 -0.004042517 0.08479694 
0.003631981 -0.9999336 0.0109314 -0.04795516 
-0.004082437 0.01091655 0.9999321 -0.003790535 
0 0 0 1 
</matrix>
            <node id="LeftLeg" sid="LeftLeg" name="LeftLeg" type="JOINT">
              <matrix sid="matrix">0.9997188 -0.0025481 -0.02357786 -0.00144355 
0.004665079 0.9959152 0.09017251 0.3255459 
0.02325178 -0.09025715 0.995647 0.001545743 
0 0 0 1 
</matrix>
              <node id="LeftFoot" sid="LeftFoot" name="LeftFoot" type="JOINT">
                <matrix sid="matrix">0.999244 -0.03762212 0.009805412 -2.052469E-05 
0.033134 0.6921206 -0.7210211 0.3277723 
0.02033981 0.7208008 0.6928438 -0.000869061 
0 0 0 1 
</matrix>
                <node id="LeftToeBase" sid="LeftToeBase" name="LeftToeBase" type="JOINT">
                  <matrix sid="matrix">0.9975483 -0.04644258 -0.0523491 -0.0006326933 
-0.009579535 0.6503835 -0.7595456 0.1779317 
0.06932224 0.758185 0.648344 0.0009938924 
0 0 0 1 
</matrix>
                </node>
                <node id="LFootTongue" sid="LFootTongue" name="LFootTongue" type="JOINT">
                  <matrix sid="matrix">-0.0134569 0.05216336 -0.9985481 -0.008577699 
-0.3706385 0.9272389 0.05343309 0.05267248 
0.9286798 0.3708193 0.006855965 0.04286366 
0 0 0 1 
</matrix>
                </node>
              </node>
              <node id="LeftPantLeg" sid="LeftPantLeg" name="LeftPantLeg" type="JOINT">
                <matrix sid="matrix">0.01512778 -0.01920447 -0.9997011 -0.009461805 
0.9959178 0.08927107 0.01335561 0.1667124 
0.0889879 -0.9958222 0.02047658 -0.007815665 
0 0 0 1 
</matrix>
              </node>
            </node>
          </node>
          <node id="RightUpLeg" sid="RightUpLeg" name="RightUpLeg" type="JOINT">
            <matrix sid="matrix">-0.9999883 0.003710283 0.003100023 -0.08479694 
-0.003676201 -0.9999336 0.01092816 -0.04795516 
0.003140363 0.01091664 0.9999355 -0.003790535 
0 0 0 1 
</matrix>
            <node id="RightLeg" sid="RightLeg" name="RightLeg" type="JOINT">
              <matrix sid="matrix">0.999705 0.002700224 0.02413792 0.00144355 
-0.004866952 0.9959152 0.09016195 0.3255459 
-0.02379586 -0.09025283 0.9956346 0.001545743 
0 0 0 1 
</matrix>
              <node id="RightFoot" sid="RightFoot" name="RightFoot" type="JOINT">
                <matrix sid="matrix">0.9992744 0.03651977 -0.01081714 2.052469E-05 
-0.03309958 0.6921232 -0.72102 0.3277723 
-0.01884469 0.7208549 0.6928298 -0.000869061 
0 0 0 1 
</matrix>
                <node id="RFootTongue" sid="RFootTongue" name="RFootTongue" type="JOINT">
                  <matrix sid="matrix">0.01747338 -0.04415341 -0.998872 0.008575915 
-0.3703716 0.9276692 -0.04748496 0.0526724 
0.9287193 0.3707835 -0.0001436472 0.04286363 
0 0 0 1 
</matrix>
                </node>
                <node id="RightToeBase" sid="RightToeBase" name="RightToeBase" type="JOINT">
                  <matrix sid="matrix">0.9975483 0.04644258 0.0523491 0.0006326933 
0.009579535 0.6503835 -0.7595456 0.1779317 
-0.06932224 0.758185 0.648344 0.0009938924 
0 0 0 1 
</matrix>
                </node>
              </node>
              <node id="RightPantLeg" sid="RightPantLeg" name="RightPantLeg" type="JOINT">
                <matrix sid="matrix">-0.01529369 0.02069038 -0.999669 0.009477496 
0.9959173 0.08927226 -0.0133886 0.1667127 
0.0889657 -0.9957923 -0.02197123 -0.007801628 
0 0 0 1 
</matrix>
              </node>
            </node>
          </node>
        </node>
        <node id="Spine" sid="Spine" name="Spine" type="JOINT">
          <matrix sid="matrix">0.9999975 0.00223666 -4.390298E-05 0 
-0.002237091 0.9998049 -0.01962365 0.07722018 
2.987253E-09 0.0196237 0.9998074 0.01166203 
0 0 0 1 
</matrix>
          <node id="Spine1" sid="Spine1" name="Spine1" type="JOINT">
            <matrix sid="matrix">1 -2.00937E-10 -9.674895E-12 -0.0002690003 
2.01131E-10 0.9977068 0.06768447 0.1202662 
-3.947606E-12 -0.06768447 0.9977068 0.0001276187 
0 0 0 1 
</matrix>
            <node id="LBackpack_Strap" sid="LBackpack_Strap" name="LBackpack_Strap" type="JOINT">
              <matrix sid="matrix">0.9999976 -0.002237179 3.637979E-12 0.1524041 
0.002234591 0.9988404 -0.04809275 -0.07358882 
0.0001075921 0.04809263 0.9988429 -0.06972874 
0 0 0 1 
</matrix>
            </node>
            <node id="RBackpack_Strap" sid="RBackpack_Strap" name="RBackpack_Strap" type="JOINT">
              <matrix sid="matrix">0.9999976 -0.002237179 3.637979E-12 -0.1520569 
0.002234591 0.9988404 -0.04809275 -0.07426916 
0.0001075921 0.04809263 0.9988429 -0.0697615 
0 0 0 1 
</matrix>
            </node>
            <node id="Spine2" sid="Spine2" name="Spine2" type="JOINT">
              <matrix sid="matrix">1 4.253611E-10 8.738137E-11 -0.0002573435 
-4.327978E-10 0.9926907 0.1206863 0.1151332 
-3.540743E-11 -0.1206863 0.9926907 0.0006253982 
0 0 0 1 
</matrix>
              <node id="Backpack" sid="Backpack" name="Backpack" type="JOINT">
                <matrix sid="matrix">0.9999975 -0.002237179 -1.455192E-11 5.529157E-05 
0.002205272 0.9857354 -0.1682878 -0.08608604 
0.00037649 0.1682874 0.9857379 0.3573846 
0 0 0 1 
</matrix>
              </node>
              <node id="Hood" sid="Hood" name="Hood" type="JOINT">
                <matrix sid="matrix">0.00122185 -0.001874015 0.9999975 -0.0004195638 
-0.397386 0.9176489 0.002205238 0.2024203 
-0.9176507 -0.3973877 0.0003765225 -0.07126108 
0 0 0 1 
</matrix>
                <node id="Hood1" sid="Hood1" name="Hood1" type="JOINT">
                  <matrix sid="matrix">0.9267096 0.3757783 -1.3314E-16 0.09175172 
-0.3757783 0.9267096 -9.5869E-17 0 
8.735667E-17 1.388739E-16 1 -2.029292E-17 
0 0 0 1 
</matrix>
                </node>
              </node>
              <node id="LeftShoulder" sid="LeftShoulder" name="LeftShoulder" type="JOINT">
                <matrix sid="matrix">-0.2059946 0.9740616 0.09364983 0.06167237 
0.05439074 0.1069515 -0.9927754 0.1416802 
-0.9770404 -0.1994127 -0.07501137 -0.01704731 
0 0 0 1 
</matrix>
                <node id="LeftArm" sid="LeftArm" name="LeftArm" type="JOINT">
                  <matrix sid="matrix">0.9711597 -0.2113581 0.1103478 0.0007832825 
0.2196936 0.9730768 -0.06968747 0.07931332 
-0.09264784 0.09192036 0.9914469 0.007374331 
0 0 0 1 
</matrix>
                  <node id="LeftForeArm" sid="LeftForeArm" name="LeftForeArm" type="JOINT">
                    <matrix sid="matrix">0.999997 0.002462975 -1.489345E-07 0.001161466 
-0.002462975 0.999997 -5.644925E-08 0.2204907 
1.48795E-07 5.68159E-08 1 4.263256E-16 
0 0 0 1 
</matrix>
                    <node id="LeftHand" sid="LeftHand" name="LeftHand" type="JOINT">
                      <matrix sid="matrix">0.9891497 0.03429798 0.1428516 0.0006445171 
-0.02914038 0.9988512 -0.03804208 0.230093 
-0.1439923 0.03346656 0.9890128 2.842171E-16 
0 0 0 1 
</matrix>
                      <node id="LeftHandIndex1" sid="LeftHandIndex1" name="LeftHandIndex1" type="JOINT">
                        <matrix sid="matrix">0.9999083 0.008707853 -0.01036093 -0.04095493 
0.008212072 -0.9988629 -0.04696749 0.1123586 
-0.01075813 0.04687811 -0.9988428 -0.0006500877 
0 0 0 1 
</matrix>
                        <node id="LeftHandIndex2" sid="LeftHandIndex2" name="LeftHandIndex2" type="JOINT">
                          <matrix sid="matrix">0.9981563 0.02558753 -0.05503901 -0.00058266 
-0.02505908 0.9996332 0.0102704 -0.03282455 
0.05528162 -0.008872234 0.9984314 -0.000297025 
0 0 0 1 
</matrix>
                          <node id="LeftHandIndex3" sid="LeftHandIndex3" name="LeftHandIndex3" type="JOINT">
                            <matrix sid="matrix">0.9999456 -1.682689E-05 0.01043428 0.000226834 
2.175834E-05 0.9999999 -0.0004725069 -0.03323188 
-0.01043427 0.0004727082 0.9999455 -0.0006093729 
0 0 0 1 
</matrix>
                          </node>
                        </node>
                      </node>
                      <node id="LeftHandMiddle1" sid="LeftHandMiddle1" name="LeftHandMiddle1" type="JOINT">
                        <matrix sid="matrix">0.9993077 0.02001826 -0.03135686 -0.002989105 
0.01780885 -0.9974425 -0.06922071 0.1132386 
-0.03266234 0.06861436 -0.9971086 -0.004266898 
0 0 0 1 
</matrix>
                        <node id="LeftHandMiddle2" sid="LeftHandMiddle2" name="LeftHandMiddle2" type="JOINT">
                          <matrix sid="matrix">0.9995272 0.02059876 0.02282766 -0.0002502337 
-0.0216709 0.9986237 0.04775952 -0.03408808 
-0.02181246 -0.04823164 0.998598 -0.001050055 
0 0 0 1 
</matrix>
                          <node id="LeftHandMiddle3" sid="LeftHandMiddle3" name="LeftHandMiddle3" type="JOINT">
                            <matrix sid="matrix">0.9982245 -0.01274543 -0.05818419 0.0004971466 
0.004574087 0.9903566 -0.1384664 -0.03301591 
0.05938791 0.1379544 0.9886565 -0.002605325 
0 0 0 1 
</matrix>
                          </node>
                        </node>
                      </node>
                      <node id="LeftHandPinky1" sid="LeftHandPinky1" name="LeftHandPinky1" type="JOINT">
                        <matrix sid="matrix">0.9980054 0.0552681 0.03050967 0.05253094 
0.05741607 -0.9955512 -0.07470833 0.107202 
0.02624495 0.07631105 -0.9967387 0.01373091 
0 0 0 1 
</matrix>
                        <node id="LeftHandPinky2" sid="LeftHandPinky2" name="LeftHandPinky2" type="JOINT">
                          <matrix sid="matrix">0.9994856 -0.0291517 0.01337065 0.0008595629 
0.02962894 0.9988758 -0.03700387 -0.02858306 
-0.01227689 0.03738099 0.9992257 -0.001084913 
0 0 0 1 
</matrix>
                          <node id="LeftHandPinky3" sid="LeftHandPinky3" name="LeftHandPinky3" type="JOINT">
                            <matrix sid="matrix">0.9992211 0.0008521937 -0.03945172 2.55878E-05 
-0.0006218965 0.9999827 0.005849348 -0.02863359 
0.03945602 -0.005820257 0.9992043 -1.457128E-05 
0 0 0 1 
</matrix>
                          </node>
                        </node>
                      </node>
                      <node id="LeftHandRing1" sid="LeftHandRing1" name="LeftHandRing1" type="JOINT">
                        <matrix sid="matrix">0.9973043 -0.008631301 0.07286585 0.02665186 
-0.002615912 -0.9966085 -0.08224931 0.1159762 
0.07332861 0.08183699 -0.9939446 8.906432E-05 
0 0 0 1 
</matrix>
                        <node id="LeftHandRing2" sid="LeftHandRing2" name="LeftHandRing2" type="JOINT">
                          <matrix sid="matrix">0.9990626 0.04092547 -0.01410974 -0.000966536 
-0.03898299 0.992268 0.117833 -0.03048472 
0.01882301 -0.1171725 0.9929332 -0.001424753 
0 0 0 1 
</matrix>
                          <node id="LeftHandRing3" sid="LeftHandRing3" name="LeftHandRing3" type="JOINT">
                            <matrix sid="matrix">0.9988732 -0.003311967 0.04734175 0.0002114884 
0.004396766 0.9997298 -0.0228285 -0.03251418 
-0.04725335 0.02301093 0.9986178 -0.005389636 
0 0 0 1 
</matrix>
                          </node>
                        </node>
                      </node>
                      <node id="LeftHandThumb1" sid="LeftHandThumb1" name="LeftHandThumb1" type="JOINT">
                        <matrix sid="matrix">0.7348806 0.543282 -0.4059496 -0.03489472 
0.6051664 -0.795499 0.03090248 0.03473803 
-0.3061437 -0.2683767 -0.9133729 0.01460358 
0 0 0 1 
</matrix>
                        <node id="LeftHandThumb2" sid="LeftHandThumb2" name="LeftHandThumb2" type="JOINT">
                          <matrix sid="matrix">0.990009 0.01268053 0.1404331 -0.001023399 
-0.01042309 0.9998046 -0.01679876 -0.03989347 
-0.1406187 0.01516717 0.9899476 -0.003243176 
0 0 0 1 
</matrix>
                          <node id="LeftHandThumb3" sid="LeftHandThumb3" name="LeftHandThumb3" type="JOINT">
                            <matrix sid="matrix">0.9805335 -0.1508272 0.1257183 -0.0001386468 
0.1628013 0.9824443 -0.091099 -0.03939766 
-0.109771 0.1097927 0.9878744 -0.002646856 
0 0 0 1 
</matrix>
                          </node>
                        </node>
                      </node>
                    </node>
                    <node id="LSleeve" sid="LSleeve" name="LSleeve" type="JOINT">
                      <matrix sid="matrix">-0.03502386 -0.00136739 -0.9993856 0.01030377 
0.9986248 0.03898752 -0.03505054 0.06673416 
0.03901149 -0.9992388 0 0.003448839 
0 0 0 1 
</matrix>
                    </node>
                  </node>
                </node>
              </node>
              <node id="LHoodieString" sid="LHoodieString" name="LHoodieString" type="JOINT">
                <matrix sid="matrix">0.03693219 0.05901721 -0.9975737 0.05213757 
-0.9363388 0.3508225 -0.01391026 0.1565541 
0.3491503 0.9345806 0.06821662 0.0580736 
0 0 0 1 
</matrix>
                <node id="LHoodieString1" sid="LHoodieString1" name="LHoodieString1" type="JOINT">
                  <matrix sid="matrix">0.9670717 0.2520864 -0.03499862 0.07363471 
-0.2538218 0.9653794 -0.06014256 0 
0.01862582 0.06704558 0.9975761 8.881784E-18 
0 0 0 1 
</matrix>
                  <node id="LHoodieString2" sid="LHoodieString2" name="LHoodieString2" type="JOINT">
                    <matrix sid="matrix">0.9840925 0.1762171 -0.02257442 0.1000903 
-0.1702549 0.9717415 0.1634985 7.105427E-17 
0.05074772 -0.1570542 0.9862853 -8.881784E-18 
0 0 0 1 
</matrix>
                  </node>
                </node>
              </node>
              <node id="Neck" sid="Neck" name="Neck" type="JOINT">
                <matrix sid="matrix">0.9999975 -0.002237179 -1.455192E-11 -0.0004123274 
0.002205272 0.9857354 -0.1682878 0.1869335 
0.00037649 0.1682874 0.9857379 0.0002313978 
0 0 0 1 
</matrix>
                <node id="Head" sid="Head" name="Head" type="JOINT">
                  <matrix sid="matrix">1 -5.139069E-23 -1.401298E-45 -1.255616E-10 
5.139069E-23 1 5.293956E-23 0.09051079 
-1.401298E-45 -5.293956E-23 1 0.01034021 
0 0 0 1 
</matrix>
                  <node id="HairA" sid="HairA" name="HairA" type="JOINT">
                    <matrix sid="matrix">0.8627912 -0.1570733 -0.4805406 -0.07081073 
-0.4869849 -0.002925873 -0.8734055 0.2442829 
0.1357827 0.9875826 -0.0790168 0.2319663 
0 0 0 1 
</matrix>
                  </node>
                  <node id="HairB" sid="HairB" name="HairB" type="JOINT">
                    <matrix sid="matrix">0.8473977 0.2430629 -0.4720568 0.002083973 
-0.4219551 -0.2313761 -0.8765951 0.2478607 
-0.3222904 0.9420115 -0.09350586 0.2482231 
0 0 0 1 
</matrix>
                  </node>
                  <node id="Hat" sid="Hat" name="Hat" type="JOINT">
                    <matrix sid="matrix">0.6325833 0.2110481 0.7451826 0.167288 
-0.4979171 0.8477888 0.1825725 0.150483 
-0.5932258 -0.4865314 0.6413815 -0.1543965 
0 0 0 1 
</matrix>
                  </node>
                </node>
              </node>
              <node id="RHoodieString" sid="RHoodieString" name="RHoodieString" type="JOINT">
                <matrix sid="matrix">-0.03306489 -0.06126752 -0.9975736 -0.05287126 
-0.936493 0.3505573 0.009510309 0.1563226 
0.349124 0.9345351 -0.06896782 0.05803406 
0 0 0 1 
</matrix>
                <node id="RHoodieString1" sid="RHoodieString1" name="RHoodieString1" type="JOINT">
                  <matrix sid="matrix">0.9670717 0.2520864 0.03499857 0.07363471 
-0.2538219 0.9653794 0.06014247 -1.421085E-16 
-0.0186258 -0.06704548 0.9975761 -1.776357E-17 
0 0 0 1 
</matrix>
                  <node id="RHoodieString2" sid="RHoodieString2" name="RHoodieString2" type="JOINT">
                    <matrix sid="matrix">0.9840925 0.1743441 0.03414945 0.1000903 
-0.1702549 0.9804102 -0.09904106 2.131628E-16 
-0.0507477 0.09165145 0.9944972 8.881784E-18 
0 0 0 1 
</matrix>
                  </node>
                </node>
              </node>
              <node id="RightShoulder" sid="RightShoulder" name="RightShoulder" type="JOINT">
                <matrix sid="matrix">-0.2058725 -0.974299 -0.0914228 -0.0622838 
-0.2184946 0.1368312 -0.9661974 0.1414068 
0.9538746 -0.1789381 -0.2410488 -0.01709398 
0 0 0 1 
</matrix>
                <node id="RightArm" sid="RightArm" name="RightArm" type="JOINT">
                  <matrix sid="matrix">0.9761693 0.2100835 0.05439191 -0.0005760692 
-0.2034894 0.9732186 -0.1069473 0.07897227 
-0.07540308 0.0933305 0.9927758 0.01042334 
0 0 0 1 
</matrix>
                  <node id="RightForeArm" sid="RightForeArm" name="RightForeArm" type="JOINT">
                    <matrix sid="matrix">0.9999998 0.0005675814 1.788309E-07 -0.0009232977 
-0.0005675814 0.9999998 -3.010713E-08 0.2204918 
-1.788479E-07 3.000562E-08 1 9.947598E-16 
0 0 0 1 
</matrix>
                    <node id="RightHand" sid="RightHand" name="RightHand" type="JOINT">
                      <matrix sid="matrix">0.9891598 -0.0343168 -0.1427769 -0.001094309 
0.02912137 0.998841 -0.03832089 0.2300913 
0.1439265 0.03374762 0.9890128 -1.421085E-16 
0 0 0 1 
</matrix>
                      <node id="RightHandIndex1" sid="RightHandIndex1" name="RightHandIndex1" type="JOINT">
                        <matrix sid="matrix">0.9842011 0.01994045 0.1759276 0.04073521 
0.03044527 -0.9978975 -0.05721524 0.1124385 
0.1744169 0.06166747 -0.982739 -0.0006500845 
0 0 0 1 
</matrix>
                        <node id="RightHandIndex2" sid="RightHandIndex2" name="RightHandIndex2" type="JOINT">
                          <matrix sid="matrix">0.9988641 0.003252108 0.04753876 0.001571859 
-0.003863191 0.999911 0.01276818 -0.03278928 
-0.04749301 -0.01293733 0.9987878 -0.0005211073 
0 0 0 1 
</matrix>
                          <node id="RightHandIndex3" sid="RightHandIndex3" name="RightHandIndex3" type="JOINT">
                            <matrix sid="matrix">0.9999456 1.682689E-05 -0.01043428 0.001742653 
-2.175834E-05 0.9999999 -0.0004725069 -0.03318098 
0.01043427 0.0004727082 0.9999455 -0.0008754957 
0 0 0 1 
</matrix>
                          </node>
                        </node>
                      </node>
                      <node id="RightHandMiddle1" sid="RightHandMiddle1" name="RightHandMiddle1" type="JOINT">
                        <matrix sid="matrix">0.9807171 0.01885956 0.1945205 0.002767738 
0.0348139 -0.9962723 -0.07892921 0.1132442 
0.1923067 0.08417924 -0.9777179 -0.004266895 
0 0 0 1 
</matrix>
                        <node id="RightHandMiddle2" sid="RightHandMiddle2" name="RightHandMiddle2" type="JOINT">
                          <matrix sid="matrix">0.9996312 -0.004517043 -0.02677904 0.001756039 
0.005868698 0.9987011 0.05061257 -0.03403616 
0.02651564 -0.05075106 0.9983593 -0.001272459 
0 0 0 1 
</matrix>
                          <node id="RightHandMiddle3" sid="RightHandMiddle3" name="RightHandMiddle3" type="JOINT">
                            <matrix sid="matrix">0.9982245 0.01274543 0.05818419 0.001477604 
-0.004574087 0.9903566 -0.1384664 -0.03295738 
-0.05938791 0.1379544 0.9886565 -0.002951857 
0 0 0 1 
</matrix>
                          </node>
                        </node>
                      </node>
                      <node id="RightHandPinky1" sid="RightHandPinky1" name="RightHandPinky1" type="JOINT">
                        <matrix sid="matrix">0.9915843 -0.005210903 0.1293583 -0.0527404 
0.00746224 -0.9952281 -0.09729159 0.1070991 
0.129248 0.09743811 -0.9868135 0.01373092 
0 0 0 1 
</matrix>
                        <node id="RightHandPinky2" sid="RightHandPinky2" name="RightHandPinky2" type="JOINT">
                          <matrix sid="matrix">0.9996873 0.02255743 -0.01079511 0.0007667792 
-0.02298475 0.9988845 -0.04124935 -0.0285599 
0.009852593 0.04148458 0.9990906 -0.001628382 
0 0 0 1 
</matrix>
                          <node id="RightHandPinky3" sid="RightHandPinky3" name="RightHandPinky3" type="JOINT">
                            <matrix sid="matrix">0.9992211 -0.0008521937 0.03945172 0.001408385 
0.0006218965 0.9999827 0.005849348 -0.02859529 
-0.03945602 -0.005820257 0.9992043 -0.0004569084 
0 0 0 1 
</matrix>
                          </node>
                        </node>
                      </node>
                      <node id="RightHandRing1" sid="RightHandRing1" name="RightHandRing1" type="JOINT">
                        <matrix sid="matrix">0.9944305 0.05651334 0.08896192 -0.02687852 
0.06523272 -0.9930097 -0.09836927 0.1159239 
0.08278087 0.1036246 -0.9911656 8.906763E-05 
0 0 0 1 
</matrix>
                        <node id="RightHandRing2" sid="RightHandRing2" name="RightHandRing2" type="JOINT">
                          <matrix sid="matrix">0.9995014 -0.02949199 0.01127423 0.002636109 
0.02790261 0.9921711 0.121729 -0.03036629 
-0.014776 -0.1213538 0.9924994 -0.001794812 
0 0 0 1 
</matrix>
                          <node id="RightHandRing3" sid="RightHandRing3" name="RightHandRing3" type="JOINT">
                            <matrix sid="matrix">0.9988732 0.003311967 -0.04734175 0.001958089 
-0.004396766 0.9997298 -0.0228285 -0.03237042 
0.04725335 0.02301093 0.9986178 -0.00588107 
0 0 0 1 
</matrix>
                          </node>
                        </node>
                      </node>
                      <node id="RightHandThumb1" sid="RightHandThumb1" name="RightHandThumb1" type="JOINT">
                        <matrix sid="matrix">0.6786343 -0.4828835 0.5534251 0.03482675 
-0.5981429 -0.8006299 0.03489096 0.03480618 
0.4262401 -0.3547055 -0.8321681 0.01460358 
0 0 0 1 
</matrix>
                        <node id="RightHandThumb2" sid="RightHandThumb2" name="RightHandThumb2" type="JOINT">
                          <matrix sid="matrix">0.990276 0.01435656 -0.138374 0.001666783 
-0.01489276 0.9998851 -0.002840329 -0.03998841 
0.1383173 0.004873479 0.990376 0.001097147 
0 0 0 1 
</matrix>
                          <node id="RightHandThumb3" sid="RightHandThumb3" name="RightHandThumb3" type="JOINT">
                            <matrix sid="matrix">0.9805335 0.1508272 -0.1257183 0.002364827 
-0.1628013 0.9824443 -0.091099 -0.03940424 
0.109771 0.1097927 0.9878744 0.0009561648 
0 0 0 1 
</matrix>
                          </node>
                        </node>
                      </node>
                    </node>
                    <node id="RSleeve" sid="RSleeve" name="RSleeve" type="JOINT">
                      <matrix sid="matrix">0.03307165 0.001291186 -0.9994522 -0.0104342 
0.9986913 0.0389902 0.03309685 0.06671389 
0.03901157 -0.9992388 0 0.003448839 
0 0 0 1 
</matrix>
                    </node>
                  </node>
                </node>
              </node>
            </node>
          </node>
        </node>
      </node>
      <node id="KinectPointMan" sid="KinectPointMan" name="KinectPointMan" type="NODE">
        <matrix sid="matrix">-0.3034119 0 0.009367086 -0.1062973 
0 0.3035564 0 0.8662284 
-0.009367086 0 -0.3034119 1.741077 
0 0 0 1 
</matrix>
        <node id="scene_node4" sid="00_Hip_Center" name="00_Hip_Center" type="NODE">
          <matrix sid="matrix">0.1 0 0 0 
0 0.1 0 0 
0 0 0.1 0 
0 0 0 1 
</matrix>
          <instance_geometry url="#mesh_4" />
        </node>
        <node id="scene_node5" sid="02_Shoulder_Center" name="02_Shoulder_Center" type="NODE">
          <matrix sid="matrix">0.1 0 0 0 
0 0.1 0 0 
0 0 0.1 0 
0 0 0 1 
</matrix>
          <instance_geometry url="#mesh_5" />
        </node>
        <node id="scene_node6" sid="01_Spine" name="01_Spine" type="NODE">
          <matrix sid="matrix">0.1 0 0 0 
0 0.1 0 0 
0 0 0.1 0 
0 0 0 1 
</matrix>
          <instance_geometry url="#mesh_6" />
        </node>
        <node id="scene_node7" sid="03_Head" name="03_Head" type="NODE">
          <matrix sid="matrix">0.1 0 0 0 
0 0.1 0 0 
0 0 0.1 0 
0 0 0 1 
</matrix>
          <instance_geometry url="#mesh_7" />
        </node>
        <node id="scene_node8" sid="10_Shoulder_Left" name="10_Shoulder_Left" type="NODE">
          <matrix sid="matrix">0.1 0 0 0 
0 0.1 0 0 
0 0 0.1 0 
0 0 0 1 
</matrix>
          <instance_geometry url="#mesh_8" />
        </node>
        <node id="scene_node9" sid="11_Elbow_Left" name="11_Elbow_Left" type="NODE">
          <matrix sid="matrix">0.1 0 0 0 
0 0.1 0 0 
0 0 0.1 0 
0 0 0 1 
</matrix>
          <instance_geometry url="#mesh_9" />
        </node>
        <node id="scene_node10" sid="21_Elbow_Right" name="21_Elbow_Right" type="NODE">
          <matrix sid="matrix">0.1 0 0 0 
0 0.1 0 0 
0 0 0.1 0 
0 0 0 1 
</matrix>
          <instance_geometry url="#mesh_10" />
        </node>
        <node id="scene_node11" sid="12_Wrist_Left" name="12_Wrist_Left" type="NODE">
          <matrix sid="matrix">0.1 0 0 0 
0 0.1 0 0 
0 0 0.1 0 
0 0 0 1 
</matrix>
          <instance_geometry url="#mesh_11" />
        </node>
        <node id="scene_node12" sid="22_Wrist_Right" name="22_Wrist_Right" type="NODE">
          <matrix sid="matrix">0.1 0 0 0 
0 0.1 0 0 
0 0 0.1 0 
0 0 0 1 
</matrix>
          <instance_geometry url="#mesh_12" />
        </node>
        <node id="scene_node13" sid="13_Hand_Left" name="13_Hand_Left" type="NODE">
          <matrix sid="matrix">0.1 0 0 0 
0 0.1 0 0 
0 0 0.1 0 
0 0 0 1 
</matrix>
          <instance_geometry url="#mesh_13" />
        </node>
        <node id="scene_node14" sid="23_Hand_Right" name="23_Hand_Right" type="NODE">
          <matrix sid="matrix">0.1 0 0 0 
0 0.1 0 0 
0 0 0.1 0 
0 0 0 1 
</matrix>
          <instance_geometry url="#mesh_14" />
        </node>
        <node id="scene_node15" sid="20_Shoulder_Right" name="20_Shoulder_Right" type="NODE">
          <matrix sid="matrix">0.1 0 0 0 
0 0.1 0 0 
0 0 0.1 0 
0 0 0 1 
</matrix>
          <instance_geometry url="#mesh_15" />
        </node>
        <node id="scene_node16" sid="30_Hip_Left" name="30_Hip_Left" type="NODE">
          <matrix sid="matrix">0.1 0 0 0 
0 0.1 0 0 
0 0 0.1 0 
0 0 0 1 
</matrix>
          <instance_geometry url="#mesh_16" />
        </node>
        <node id="scene_node17" sid="40_Hip_Right" name="40_Hip_Right" type="NODE">
          <matrix sid="matrix">0.1 0 0 0 
0 0.1 0 0 
0 0 0.1 0 
0 0 0 1 
</matrix>
          <instance_geometry url="#mesh_17" />
        </node>
        <node id="scene_node18" sid="31_Knee_Left" name="31_Knee_Left" type="NODE">
          <matrix sid="matrix">0.1 0 0 0 
0 0.1 0 0 
0 0 0.1 0 
0 0 0 1 
</matrix>
          <instance_geometry url="#mesh_18" />
        </node>
        <node id="scene_node19" sid="41_Knee_Right" name="41_Knee_Right" type="NODE">
          <matrix sid="matrix">0.1 0 0 0 
0 0.1 0 0 
0 0 0.1 0 
0 0 0 1 
</matrix>
          <instance_geometry url="#mesh_19" />
        </node>
        <node id="scene_node20" sid="32_Ankle_Left" name="32_Ankle_Left" type="NODE">
          <matrix sid="matrix">0.1 0 0 0 
0 0.1 0 0 
0 0 0.1 0 
0 0 0 1 
</matrix>
          <instance_geometry url="#mesh_20" />
        </node>
        <node id="scene_node21" sid="42_Ankle_Right" name="42_Ankle_Right" type="NODE">
          <matrix sid="matrix">0.1 0 0 0 
0 0.1 0 0 
0 0 0.1 0 
0 0 0 1 
</matrix>
          <instance_geometry url="#mesh_21" />
        </node>
        <node id="scene_node22" sid="33_Foot_Left" name="33_Foot_Left" type="NODE">
          <matrix sid="matrix">0.1 0 0 0 
0 0.1 0 0 
0 0 0.1 0 
0 0 0 1 
</matrix>
          <instance_geometry url="#mesh_22" />
        </node>
        <node id="scene_node23" sid="43_Foot_Right" name="43_Foot_Right" type="NODE">
          <matrix sid="matrix">0.1 0 0 0 
0 0.1 0 0 
0 0 0.1 0 
0 0 0 1 
</matrix>
          <instance_geometry url="#mesh_23" />
        </node>
      </node>
    </visual_scene>
  </library_visual_scenes>
  <scene>
    <instance_visual_scene url="#DefaultScene" />
  </scene>
</COLLADA>