<?xml version="1.0" encoding="utf-8"?>
<COLLADA xmlns:xsi="http://www.w3.org/2001/XMLSchema-instance" xmlns:xsd="http://www.w3.org/2001/XMLSchema" version="1.4.1" xmlns="http://www.collada.org/2005/11/COLLADASchema">
  <asset>
    <created>2017-03-30T17:56:35.6444638+08:00</created>
    <modified>2017-03-30T17:56:35.6444638+08:00</modified>
    <unit meter="1" name="meter" />
    <up_axis>Y_UP</up_axis>
    <contributor>
      <authoring_tool>Skele: Character Animation Tools</authoring_tool>
      <comments>https://www.assetstore.unity3d.com/en/#!/content/16899</comments>
    </contributor>
    <revision>1.0</revision>
  </asset>
  <library_animation_clips>
    <animation_clip name="o" start="0" end="1.1996607780456543">
      <instance_animation url="o_0" />
    </animation_clip>
  </library_animation_clips>
  <library_animations>
    <animation id="o_0" name="o">
      <animation id="_0_0-anim" name="_0_0">
        <source id="_0_0-Matrix-animation-input">
          <float_array id="_0_0-Matrix-animation-input-array" count="73">0
0.01666667
0.03333334
0.05
0.06666667
0.08333334
0.1
0.1166667
0.1333333
0.15
0.1666667
0.1833333
0.2
0.2166667
0.2333333
0.25
0.2666667
0.2833334
0.3
0.3166667
0.3333334
0.3500001
0.3666668
0.3833334
0.4000001
0.4166668
0.4333335
0.4500002
0.4666668
0.4833335
0.5000002
0.5166668
0.5333335
0.5500001
0.5666668
0.5833334
0.6000001
0.6166667
0.6333334
0.65
0.6666667
0.6833333
0.7
0.7166666
0.7333333
0.7499999
0.7666666
0.7833332
0.7999999
0.8166665
0.8333332
0.8499998
0.8666665
0.8833331
0.8999998
0.9166664
0.9333331
0.9499997
0.9666664
0.9833331
0.9999997
1.016666
1.033333
1.05
1.066666
1.083333
1.1
1.116666
1.133333
1.15
1.166666
1.183333
1.199661
</float_array>
          <technique_common>
            <accessor count="73" offset="0" source="#_0_0-Matrix-animation-input-array" stride="1">
              <param name="TIME" type="float" />
            </accessor>
          </technique_common>
        </source>
        <source id="_0_0-Matrix-animation-output-transform">
          <float_array id="_0_0-Matrix-animation-output-transform-array" count="1168">-3.293416 0 -0.07553078 0.3985313 
0 3.294281 0 -3.4536 
0.07553077 0 -3.293416 0.217126 
0 0 0 1 
-3.293416 0 -0.07553078 0.3985313 
0 3.294281 0 -3.4536 
0.07553077 0 -3.293416 0.217126 
0 0 0 1 
-3.293416 0 -0.07553078 0.3985313 
0 3.294281 0 -3.4536 
0.07553077 0 -3.293416 0.217126 
0 0 0 1 
-3.293416 0 -0.07553078 0.3985313 
0 3.294281 0 -3.4536 
0.07553077 0 -3.293416 0.217126 
0 0 0 1 
-3.293416 0 -0.07553078 0.3985313 
0 3.294281 0 -3.4536 
0.07553077 0 -3.293416 0.217126 
0 0 0 1 
-3.293416 0 -0.07553078 0.3985313 
0 3.294281 0 -3.4536 
0.07553077 0 -3.293416 0.217126 
0 0 0 1 
-3.293416 0 -0.07553078 0.3985313 
0 3.294281 0 -3.4536 
0.07553077 0 -3.293416 0.217126 
0 0 0 1 
-3.293416 0 -0.07553078 0.3985313 
0 3.294281 0 -3.4536 
0.07553077 0 -3.293416 0.217126 
0 0 0 1 
-3.293416 0 -0.07553078 0.3985313 
0 3.294281 0 -3.4536 
0.07553077 0 -3.293416 0.217126 
0 0 0 1 
-3.293416 0 -0.07553078 0.3985313 
0 3.294281 0 -3.4536 
0.07553077 0 -3.293416 0.217126 
0 0 0 1 
-3.293416 0 -0.07553078 0.3985313 
0 3.294281 0 -3.4536 
0.07553077 0 -3.293416 0.217126 
0 0 0 1 
-3.293416 0 -0.07553078 0.3985313 
0 3.294281 0 -3.4536 
0.07553077 0 -3.293416 0.217126 
0 0 0 1 
-3.293416 0 -0.07553078 0.3985313 
0 3.294281 0 -3.4536 
0.07553077 0 -3.293416 0.217126 
0 0 0 1 
-3.293416 0 -0.07553078 0.3985313 
0 3.294281 0 -3.4536 
0.07553077 0 -3.293416 0.217126 
0 0 0 1 
-3.293416 0 -0.07553078 0.3985313 
0 3.294281 0 -3.4536 
0.07553077 0 -3.293416 0.217126 
0 0 0 1 
-3.293416 0 -0.07553078 0.3985313 
0 3.294281 0 -3.4536 
0.07553077 0 -3.293416 0.217126 
0 0 0 1 
-3.293416 0 -0.07553078 0.3985313 
0 3.294281 0 -3.4536 
0.07553077 0 -3.293416 0.217126 
0 0 0 1 
-3.293416 0 -0.07553078 0.3985313 
0 3.294281 0 -3.4536 
0.07553077 0 -3.293416 0.217126 
0 0 0 1 
-3.293416 0 -0.07553078 0.3985313 
0 3.294281 0 -3.4536 
0.07553077 0 -3.293416 0.217126 
0 0 0 1 
-3.293416 0 -0.07553078 0.3985313 
0 3.294281 0 -3.4536 
0.07553077 0 -3.293416 0.217126 
0 0 0 1 
-3.293416 0 -0.07553078 0.3985313 
0 3.294281 0 -3.4536 
0.07553077 0 -3.293416 0.217126 
0 0 0 1 
-3.293416 0 -0.07553078 0.3985313 
0 3.294281 0 -3.4536 
0.07553077 0 -3.293416 0.217126 
0 0 0 1 
-3.293416 0 -0.07553078 0.3985313 
0 3.294281 0 -3.4536 
0.07553077 0 -3.293416 0.217126 
0 0 0 1 
-3.293416 0 -0.07553078 0.3985313 
0 3.294281 0 -3.4536 
0.07553077 0 -3.293416 0.217126 
0 0 0 1 
-3.293416 0 -0.07553078 0.3985313 
0 3.294281 0 -3.4536 
0.07553077 0 -3.293416 0.217126 
0 0 0 1 
-3.293416 0 -0.07553078 0.3985313 
0 3.294281 0 -3.4536 
0.07553077 0 -3.293416 0.217126 
0 0 0 1 
-3.293416 0 -0.07553078 0.3985313 
0 3.294281 0 -3.4536 
0.07553077 0 -3.293416 0.217126 
0 0 0 1 
-3.293416 0 -0.07553078 0.3985313 
0 3.294281 0 -3.4536 
0.07553077 0 -3.293416 0.217126 
0 0 0 1 
-3.293416 0 -0.07553078 0.3985313 
0 3.294281 0 -3.4536 
0.07553077 0 -3.293416 0.217126 
0 0 0 1 
-3.293416 0 -0.07553078 0.3985313 
0 3.294281 0 -3.4536 
0.07553077 0 -3.293416 0.217126 
0 0 0 1 
-3.293416 0 -0.07553078 0.3985313 
0 3.294281 0 -3.4536 
0.07553077 0 -3.293416 0.217126 
0 0 0 1 
-3.293416 0 -0.07553078 0.3985313 
0 3.294281 0 -3.4536 
0.07553077 0 -3.293416 0.217126 
0 0 0 1 
-3.293416 0 -0.07553078 0.3985313 
0 3.294281 0 -3.4536 
0.07553077 0 -3.293416 0.217126 
0 0 0 1 
-3.293416 0 -0.07553078 0.3985313 
0 3.294281 0 -3.4536 
0.07553077 0 -3.293416 0.217126 
0 0 0 1 
-3.293416 0 -0.07553078 0.3985313 
0 3.294281 0 -3.4536 
0.07553077 0 -3.293416 0.217126 
0 0 0 1 
-3.293416 0 -0.07553078 0.3985313 
0 3.294281 0 -3.4536 
0.07553077 0 -3.293416 0.217126 
0 0 0 1 
-3.293416 0 -0.07553078 0.3985313 
0 3.294281 0 -3.4536 
0.07553077 0 -3.293416 0.217126 
0 0 0 1 
-3.293416 0 -0.07553078 0.3985313 
0 3.294281 0 -3.4536 
0.07553077 0 -3.293416 0.217126 
0 0 0 1 
-3.293416 0 -0.07553078 0.3985313 
0 3.294281 0 -3.4536 
0.07553077 0 -3.293416 0.217126 
0 0 0 1 
-3.293416 0 -0.07553078 0.3985313 
0 3.294281 0 -3.4536 
0.07553077 0 -3.293416 0.217126 
0 0 0 1 
-3.293416 0 -0.07553078 0.3985313 
0 3.294281 0 -3.4536 
0.07553077 0 -3.293416 0.217126 
0 0 0 1 
-3.293416 0 -0.07553078 0.3985313 
0 3.294281 0 -3.4536 
0.07553077 0 -3.293416 0.217126 
0 0 0 1 
-3.293416 0 -0.07553078 0.3985313 
0 3.294281 0 -3.4536 
0.07553077 0 -3.293416 0.217126 
0 0 0 1 
-3.293416 0 -0.07553078 0.3985313 
0 3.294281 0 -3.4536 
0.07553077 0 -3.293416 0.217126 
0 0 0 1 
-3.293416 0 -0.07553078 0.3985313 
0 3.294281 0 -3.4536 
0.07553077 0 -3.293416 0.217126 
0 0 0 1 
-3.293416 0 -0.07553078 0.3985313 
0 3.294281 0 -3.4536 
0.07553077 0 -3.293416 0.217126 
0 0 0 1 
-3.293416 0 -0.07553078 0.3985313 
0 3.294281 0 -3.4536 
0.07553077 0 -3.293416 0.217126 
0 0 0 1 
-3.293416 0 -0.07553078 0.3985313 
0 3.294281 0 -3.4536 
0.07553077 0 -3.293416 0.217126 
0 0 0 1 
-3.293416 0 -0.07553078 0.3985313 
0 3.294281 0 -3.4536 
0.07553077 0 -3.293416 0.217126 
0 0 0 1 
-3.293416 0 -0.07553078 0.3985313 
0 3.294281 0 -3.4536 
0.07553077 0 -3.293416 0.217126 
0 0 0 1 
-3.293416 0 -0.07553078 0.3985313 
0 3.294281 0 -3.4536 
0.07553077 0 -3.293416 0.217126 
0 0 0 1 
-3.293416 0 -0.07553078 0.3985313 
0 3.294281 0 -3.4536 
0.07553077 0 -3.293416 0.217126 
0 0 0 1 
-3.293416 0 -0.07553078 0.3985313 
0 3.294281 0 -3.4536 
0.07553077 0 -3.293416 0.217126 
0 0 0 1 
-3.293416 0 -0.07553078 0.3985313 
0 3.294281 0 -3.4536 
0.07553077 0 -3.293416 0.217126 
0 0 0 1 
-3.293416 0 -0.07553078 0.3985313 
0 3.294281 0 -3.4536 
0.07553077 0 -3.293416 0.217126 
0 0 0 1 
-3.293416 0 -0.07553078 0.3985313 
0 3.294281 0 -3.4536 
0.07553077 0 -3.293416 0.217126 
0 0 0 1 
-3.293416 0 -0.07553078 0.3985313 
0 3.294281 0 -3.4536 
0.07553077 0 -3.293416 0.217126 
0 0 0 1 
-3.293416 0 -0.07553078 0.3985313 
0 3.294281 0 -3.4536 
0.07553077 0 -3.293416 0.217126 
0 0 0 1 
-3.293416 0 -0.07553078 0.3985313 
0 3.294281 0 -3.4536 
0.07553077 0 -3.293416 0.217126 
0 0 0 1 
-3.293416 0 -0.07553078 0.3985313 
0 3.294281 0 -3.4536 
0.07553077 0 -3.293416 0.217126 
0 0 0 1 
-3.293416 0 -0.07553078 0.3985313 
0 3.294281 0 -3.4536 
0.07553077 0 -3.293416 0.217126 
0 0 0 1 
-3.293416 0 -0.07553078 0.3985313 
0 3.294281 0 -3.4536 
0.07553077 0 -3.293416 0.217126 
0 0 0 1 
-3.293416 0 -0.07553078 0.3985313 
0 3.294281 0 -3.4536 
0.07553077 0 -3.293416 0.217126 
0 0 0 1 
-3.293416 0 -0.07553078 0.3985313 
0 3.294281 0 -3.4536 
0.07553077 0 -3.293416 0.217126 
0 0 0 1 
-3.293416 0 -0.07553078 0.3985313 
0 3.294281 0 -3.4536 
0.07553077 0 -3.293416 0.217126 
0 0 0 1 
-3.293416 0 -0.07553078 0.3985313 
0 3.294281 0 -3.4536 
0.07553077 0 -3.293416 0.217126 
0 0 0 1 
-3.293416 0 -0.07553078 0.3985313 
0 3.294281 0 -3.4536 
0.07553077 0 -3.293416 0.217126 
0 0 0 1 
-3.293416 0 -0.07553078 0.3985313 
0 3.294281 0 -3.4536 
0.07553077 0 -3.293416 0.217126 
0 0 0 1 
-3.293416 0 -0.07553078 0.3985313 
0 3.294281 0 -3.4536 
0.07553077 0 -3.293416 0.217126 
0 0 0 1 
-3.293416 0 -0.07553078 0.3985313 
0 3.294281 0 -3.4536 
0.07553077 0 -3.293416 0.217126 
0 0 0 1 
-3.293416 0 -0.07553078 0.3985313 
0 3.294281 0 -3.4536 
0.07553077 0 -3.293416 0.217126 
0 0 0 1 
-3.293416 0 -0.07553078 0.3985313 
0 3.294281 0 -3.4536 
0.07553077 0 -3.293416 0.217126 
0 0 0 1 
-3.293416 0 -0.07553078 0.3985313 
0 3.294281 0 -3.4536 
0.07553077 0 -3.293416 0.217126 
0 0 0 1 
</float_array>
          <technique_common>
            <accessor count="73" offset="0" source="#_0_0-Matrix-animation-output-transform-array" stride="16">
              <param type="float4x4" />
            </accessor>
          </technique_common>
        </source>
        <source id="_0_0-Interpolations">
          <Name_array id="_0_0-Interpolations-array" count="73">LINEAR
LINEAR
LINEAR
LINEAR
LINEAR
LINEAR
LINEAR
LINEAR
LINEAR
LINEAR
LINEAR
LINEAR
LINEAR
LINEAR
LINEAR
LINEAR
LINEAR
LINEAR
LINEAR
LINEAR
LINEAR
LINEAR
LINEAR
LINEAR
LINEAR
LINEAR
LINEAR
LINEAR
LINEAR
LINEAR
LINEAR
LINEAR
LINEAR
LINEAR
LINEAR
LINEAR
LINEAR
LINEAR
LINEAR
LINEAR
LINEAR
LINEAR
LINEAR
LINEAR
LINEAR
LINEAR
LINEAR
LINEAR
LINEAR
LINEAR
LINEAR
LINEAR
LINEAR
LINEAR
LINEAR
LINEAR
LINEAR
LINEAR
LINEAR
LINEAR
LINEAR
LINEAR
LINEAR
LINEAR
LINEAR
LINEAR
LINEAR
LINEAR
LINEAR
LINEAR
LINEAR
LINEAR
LINEAR</Name_array>
          <technique_common>
            <accessor count="73" offset="0" source="#_0_0-Interpolations-array" stride="1">
              <param type="name" />
            </accessor>
          </technique_common>
        </source>
        <sampler id="_0_0-Matrix-animation-transform">
          <input semantic="INPUT" source="#_0_0-Matrix-animation-input" />
          <input semantic="OUTPUT" source="#_0_0-Matrix-animation-output-transform" />
          <input semantic="INTERPOLATION" source="#_0_0-Interpolations" />
        </sampler>
        <channel source="#_0_0-Matrix-animation-transform" target="/matrix" />
      </animation>
      <animation id="Boy01_Body_Geo_0_1-anim" name="Boy01_Body_Geo_0_1">
        <source id="Boy01_Body_Geo_0_1-Matrix-animation-input">
          <float_array id="Boy01_Body_Geo_0_1-Matrix-animation-input-array" count="73">0
0.01666667
0.03333334
0.05
0.06666667
0.08333334
0.1
0.1166667
0.1333333
0.15
0.1666667
0.1833333
0.2
0.2166667
0.2333333
0.25
0.2666667
0.2833334
0.3
0.3166667
0.3333334
0.3500001
0.3666668
0.3833334
0.4000001
0.4166668
0.4333335
0.4500002
0.4666668
0.4833335
0.5000002
0.5166668
0.5333335
0.5500001
0.5666668
0.5833334
0.6000001
0.6166667
0.6333334
0.65
0.6666667
0.6833333
0.7
0.7166666
0.7333333
0.7499999
0.7666666
0.7833332
0.7999999
0.8166665
0.8333332
0.8499998
0.8666665
0.8833331
0.8999998
0.9166664
0.9333331
0.9499997
0.9666664
0.9833331
0.9999997
1.016666
1.033333
1.05
1.066666
1.083333
1.1
1.116666
1.133333
1.15
1.166666
1.183333
1.199661
</float_array>
          <technique_common>
            <accessor count="73" offset="0" source="#Boy01_Body_Geo_0_1-Matrix-animation-input-array" stride="1">
              <param name="TIME" type="float" />
            </accessor>
          </technique_common>
        </source>
        <source id="Boy01_Body_Geo_0_1-Matrix-animation-output-transform">
          <float_array id="Boy01_Body_Geo_0_1-Matrix-animation-output-transform-array" count="1168">1 0 0 0 
0 1 0 0 
0 0 1 0 
0 0 0 1 
1 0 0 0 
0 1 0 0 
0 0 1 0 
0 0 0 1 
1 0 0 0 
0 1 0 0 
0 0 1 0 
0 0 0 1 
1 0 0 0 
0 1 0 0 
0 0 1 0 
0 0 0 1 
1 0 0 0 
0 1 0 0 
0 0 1 0 
0 0 0 1 
1 0 0 0 
0 1 0 0 
0 0 1 0 
0 0 0 1 
1 0 0 0 
0 1 0 0 
0 0 1 0 
0 0 0 1 
1 0 0 0 
0 1 0 0 
0 0 1 0 
0 0 0 1 
1 0 0 0 
0 1 0 0 
0 0 1 0 
0 0 0 1 
1 0 0 0 
0 1 0 0 
0 0 1 0 
0 0 0 1 
1 0 0 0 
0 1 0 0 
0 0 1 0 
0 0 0 1 
1 0 0 0 
0 1 0 0 
0 0 1 0 
0 0 0 1 
1 0 0 0 
0 1 0 0 
0 0 1 0 
0 0 0 1 
1 0 0 0 
0 1 0 0 
0 0 1 0 
0 0 0 1 
1 0 0 0 
0 1 0 0 
0 0 1 0 
0 0 0 1 
1 0 0 0 
0 1 0 0 
0 0 1 0 
0 0 0 1 
1 0 0 0 
0 1 0 0 
0 0 1 0 
0 0 0 1 
1 0 0 0 
0 1 0 0 
0 0 1 0 
0 0 0 1 
1 0 0 0 
0 1 0 0 
0 0 1 0 
0 0 0 1 
1 0 0 0 
0 1 0 0 
0 0 1 0 
0 0 0 1 
1 0 0 0 
0 1 0 0 
0 0 1 0 
0 0 0 1 
1 0 0 0 
0 1 0 0 
0 0 1 0 
0 0 0 1 
1 0 0 0 
0 1 0 0 
0 0 1 0 
0 0 0 1 
1 0 0 0 
0 1 0 0 
0 0 1 0 
0 0 0 1 
1 0 0 0 
0 1 0 0 
0 0 1 0 
0 0 0 1 
1 0 0 0 
0 1 0 0 
0 0 1 0 
0 0 0 1 
1 0 0 0 
0 1 0 0 
0 0 1 0 
0 0 0 1 
1 0 0 0 
0 1 0 0 
0 0 1 0 
0 0 0 1 
1 0 0 0 
0 1 0 0 
0 0 1 0 
0 0 0 1 
1 0 0 0 
0 1 0 0 
0 0 1 0 
0 0 0 1 
1 0 0 0 
0 1 0 0 
0 0 1 0 
0 0 0 1 
1 0 0 0 
0 1 0 0 
0 0 1 0 
0 0 0 1 
1 0 0 0 
0 1 0 0 
0 0 1 0 
0 0 0 1 
1 0 0 0 
0 1 0 0 
0 0 1 0 
0 0 0 1 
1 0 0 0 
0 1 0 0 
0 0 1 0 
0 0 0 1 
1 0 0 0 
0 1 0 0 
0 0 1 0 
0 0 0 1 
1 0 0 0 
0 1 0 0 
0 0 1 0 
0 0 0 1 
1 0 0 0 
0 1 0 0 
0 0 1 0 
0 0 0 1 
1 0 0 0 
0 1 0 0 
0 0 1 0 
0 0 0 1 
1 0 0 0 
0 1 0 0 
0 0 1 0 
0 0 0 1 
1 0 0 0 
0 1 0 0 
0 0 1 0 
0 0 0 1 
1 0 0 0 
0 1 0 0 
0 0 1 0 
0 0 0 1 
1 0 0 0 
0 1 0 0 
0 0 1 0 
0 0 0 1 
1 0 0 0 
0 1 0 0 
0 0 1 0 
0 0 0 1 
1 0 0 0 
0 1 0 0 
0 0 1 0 
0 0 0 1 
1 0 0 0 
0 1 0 0 
0 0 1 0 
0 0 0 1 
1 0 0 0 
0 1 0 0 
0 0 1 0 
0 0 0 1 
1 0 0 0 
0 1 0 0 
0 0 1 0 
0 0 0 1 
1 0 0 0 
0 1 0 0 
0 0 1 0 
0 0 0 1 
1 0 0 0 
0 1 0 0 
0 0 1 0 
0 0 0 1 
1 0 0 0 
0 1 0 0 
0 0 1 0 
0 0 0 1 
1 0 0 0 
0 1 0 0 
0 0 1 0 
0 0 0 1 
1 0 0 0 
0 1 0 0 
0 0 1 0 
0 0 0 1 
1 0 0 0 
0 1 0 0 
0 0 1 0 
0 0 0 1 
1 0 0 0 
0 1 0 0 
0 0 1 0 
0 0 0 1 
1 0 0 0 
0 1 0 0 
0 0 1 0 
0 0 0 1 
1 0 0 0 
0 1 0 0 
0 0 1 0 
0 0 0 1 
1 0 0 0 
0 1 0 0 
0 0 1 0 
0 0 0 1 
1 0 0 0 
0 1 0 0 
0 0 1 0 
0 0 0 1 
1 0 0 0 
0 1 0 0 
0 0 1 0 
0 0 0 1 
1 0 0 0 
0 1 0 0 
0 0 1 0 
0 0 0 1 
1 0 0 0 
0 1 0 0 
0 0 1 0 
0 0 0 1 
1 0 0 0 
0 1 0 0 
0 0 1 0 
0 0 0 1 
1 0 0 0 
0 1 0 0 
0 0 1 0 
0 0 0 1 
1 0 0 0 
0 1 0 0 
0 0 1 0 
0 0 0 1 
1 0 0 0 
0 1 0 0 
0 0 1 0 
0 0 0 1 
1 0 0 0 
0 1 0 0 
0 0 1 0 
0 0 0 1 
1 0 0 0 
0 1 0 0 
0 0 1 0 
0 0 0 1 
1 0 0 0 
0 1 0 0 
0 0 1 0 
0 0 0 1 
1 0 0 0 
0 1 0 0 
0 0 1 0 
0 0 0 1 
1 0 0 0 
0 1 0 0 
0 0 1 0 
0 0 0 1 
1 0 0 0 
0 1 0 0 
0 0 1 0 
0 0 0 1 
1 0 0 0 
0 1 0 0 
0 0 1 0 
0 0 0 1 
</float_array>
          <technique_common>
            <accessor count="73" offset="0" source="#Boy01_Body_Geo_0_1-Matrix-animation-output-transform-array" stride="16">
              <param type="float4x4" />
            </accessor>
          </technique_common>
        </source>
        <source id="Boy01_Body_Geo_0_1-Interpolations">
          <Name_array id="Boy01_Body_Geo_0_1-Interpolations-array" count="73">LINEAR
LINEAR
LINEAR
LINEAR
LINEAR
LINEAR
LINEAR
LINEAR
LINEAR
LINEAR
LINEAR
LINEAR
LINEAR
LINEAR
LINEAR
LINEAR
LINEAR
LINEAR
LINEAR
LINEAR
LINEAR
LINEAR
LINEAR
LINEAR
LINEAR
LINEAR
LINEAR
LINEAR
LINEAR
LINEAR
LINEAR
LINEAR
LINEAR
LINEAR
LINEAR
LINEAR
LINEAR
LINEAR
LINEAR
LINEAR
LINEAR
LINEAR
LINEAR
LINEAR
LINEAR
LINEAR
LINEAR
LINEAR
LINEAR
LINEAR
LINEAR
LINEAR
LINEAR
LINEAR
LINEAR
LINEAR
LINEAR
LINEAR
LINEAR
LINEAR
LINEAR
LINEAR
LINEAR
LINEAR
LINEAR
LINEAR
LINEAR
LINEAR
LINEAR
LINEAR
LINEAR
LINEAR
LINEAR</Name_array>
          <technique_common>
            <accessor count="73" offset="0" source="#Boy01_Body_Geo_0_1-Interpolations-array" stride="1">
              <param type="name" />
            </accessor>
          </technique_common>
        </source>
        <sampler id="Boy01_Body_Geo_0_1-Matrix-animation-transform">
          <input semantic="INPUT" source="#Boy01_Body_Geo_0_1-Matrix-animation-input" />
          <input semantic="OUTPUT" source="#Boy01_Body_Geo_0_1-Matrix-animation-output-transform" />
          <input semantic="INTERPOLATION" source="#Boy01_Body_Geo_0_1-Interpolations" />
        </sampler>
        <channel source="#Boy01_Body_Geo_0_1-Matrix-animation-transform" target="Boy01_Body_Geo/matrix" />
      </animation>
      <animation id="Boy01_Brows_Geo_0_2-anim" name="Boy01_Brows_Geo_0_2">
        <source id="Boy01_Brows_Geo_0_2-Matrix-animation-input">
          <float_array id="Boy01_Brows_Geo_0_2-Matrix-animation-input-array" count="73">0
0.01666667
0.03333334
0.05
0.06666667
0.08333334
0.1
0.1166667
0.1333333
0.15
0.1666667
0.1833333
0.2
0.2166667
0.2333333
0.25
0.2666667
0.2833334
0.3
0.3166667
0.3333334
0.3500001
0.3666668
0.3833334
0.4000001
0.4166668
0.4333335
0.4500002
0.4666668
0.4833335
0.5000002
0.5166668
0.5333335
0.5500001
0.5666668
0.5833334
0.6000001
0.6166667
0.6333334
0.65
0.6666667
0.6833333
0.7
0.7166666
0.7333333
0.7499999
0.7666666
0.7833332
0.7999999
0.8166665
0.8333332
0.8499998
0.8666665
0.8833331
0.8999998
0.9166664
0.9333331
0.9499997
0.9666664
0.9833331
0.9999997
1.016666
1.033333
1.05
1.066666
1.083333
1.1
1.116666
1.133333
1.15
1.166666
1.183333
1.199661
</float_array>
          <technique_common>
            <accessor count="73" offset="0" source="#Boy01_Brows_Geo_0_2-Matrix-animation-input-array" stride="1">
              <param name="TIME" type="float" />
            </accessor>
          </technique_common>
        </source>
        <source id="Boy01_Brows_Geo_0_2-Matrix-animation-output-transform">
          <float_array id="Boy01_Brows_Geo_0_2-Matrix-animation-output-transform-array" count="1168">1 0 0 0 
0 1 0 0 
0 0 1 0 
0 0 0 1 
1 0 0 0 
0 1 0 0 
0 0 1 0 
0 0 0 1 
1 0 0 0 
0 1 0 0 
0 0 1 0 
0 0 0 1 
1 0 0 0 
0 1 0 0 
0 0 1 0 
0 0 0 1 
1 0 0 0 
0 1 0 0 
0 0 1 0 
0 0 0 1 
1 0 0 0 
0 1 0 0 
0 0 1 0 
0 0 0 1 
1 0 0 0 
0 1 0 0 
0 0 1 0 
0 0 0 1 
1 0 0 0 
0 1 0 0 
0 0 1 0 
0 0 0 1 
1 0 0 0 
0 1 0 0 
0 0 1 0 
0 0 0 1 
1 0 0 0 
0 1 0 0 
0 0 1 0 
0 0 0 1 
1 0 0 0 
0 1 0 0 
0 0 1 0 
0 0 0 1 
1 0 0 0 
0 1 0 0 
0 0 1 0 
0 0 0 1 
1 0 0 0 
0 1 0 0 
0 0 1 0 
0 0 0 1 
1 0 0 0 
0 1 0 0 
0 0 1 0 
0 0 0 1 
1 0 0 0 
0 1 0 0 
0 0 1 0 
0 0 0 1 
1 0 0 0 
0 1 0 0 
0 0 1 0 
0 0 0 1 
1 0 0 0 
0 1 0 0 
0 0 1 0 
0 0 0 1 
1 0 0 0 
0 1 0 0 
0 0 1 0 
0 0 0 1 
1 0 0 0 
0 1 0 0 
0 0 1 0 
0 0 0 1 
1 0 0 0 
0 1 0 0 
0 0 1 0 
0 0 0 1 
1 0 0 0 
0 1 0 0 
0 0 1 0 
0 0 0 1 
1 0 0 0 
0 1 0 0 
0 0 1 0 
0 0 0 1 
1 0 0 0 
0 1 0 0 
0 0 1 0 
0 0 0 1 
1 0 0 0 
0 1 0 0 
0 0 1 0 
0 0 0 1 
1 0 0 0 
0 1 0 0 
0 0 1 0 
0 0 0 1 
1 0 0 0 
0 1 0 0 
0 0 1 0 
0 0 0 1 
1 0 0 0 
0 1 0 0 
0 0 1 0 
0 0 0 1 
1 0 0 0 
0 1 0 0 
0 0 1 0 
0 0 0 1 
1 0 0 0 
0 1 0 0 
0 0 1 0 
0 0 0 1 
1 0 0 0 
0 1 0 0 
0 0 1 0 
0 0 0 1 
1 0 0 0 
0 1 0 0 
0 0 1 0 
0 0 0 1 
1 0 0 0 
0 1 0 0 
0 0 1 0 
0 0 0 1 
1 0 0 0 
0 1 0 0 
0 0 1 0 
0 0 0 1 
1 0 0 0 
0 1 0 0 
0 0 1 0 
0 0 0 1 
1 0 0 0 
0 1 0 0 
0 0 1 0 
0 0 0 1 
1 0 0 0 
0 1 0 0 
0 0 1 0 
0 0 0 1 
1 0 0 0 
0 1 0 0 
0 0 1 0 
0 0 0 1 
1 0 0 0 
0 1 0 0 
0 0 1 0 
0 0 0 1 
1 0 0 0 
0 1 0 0 
0 0 1 0 
0 0 0 1 
1 0 0 0 
0 1 0 0 
0 0 1 0 
0 0 0 1 
1 0 0 0 
0 1 0 0 
0 0 1 0 
0 0 0 1 
1 0 0 0 
0 1 0 0 
0 0 1 0 
0 0 0 1 
1 0 0 0 
0 1 0 0 
0 0 1 0 
0 0 0 1 
1 0 0 0 
0 1 0 0 
0 0 1 0 
0 0 0 1 
1 0 0 0 
0 1 0 0 
0 0 1 0 
0 0 0 1 
1 0 0 0 
0 1 0 0 
0 0 1 0 
0 0 0 1 
1 0 0 0 
0 1 0 0 
0 0 1 0 
0 0 0 1 
1 0 0 0 
0 1 0 0 
0 0 1 0 
0 0 0 1 
1 0 0 0 
0 1 0 0 
0 0 1 0 
0 0 0 1 
1 0 0 0 
0 1 0 0 
0 0 1 0 
0 0 0 1 
1 0 0 0 
0 1 0 0 
0 0 1 0 
0 0 0 1 
1 0 0 0 
0 1 0 0 
0 0 1 0 
0 0 0 1 
1 0 0 0 
0 1 0 0 
0 0 1 0 
0 0 0 1 
1 0 0 0 
0 1 0 0 
0 0 1 0 
0 0 0 1 
1 0 0 0 
0 1 0 0 
0 0 1 0 
0 0 0 1 
1 0 0 0 
0 1 0 0 
0 0 1 0 
0 0 0 1 
1 0 0 0 
0 1 0 0 
0 0 1 0 
0 0 0 1 
1 0 0 0 
0 1 0 0 
0 0 1 0 
0 0 0 1 
1 0 0 0 
0 1 0 0 
0 0 1 0 
0 0 0 1 
1 0 0 0 
0 1 0 0 
0 0 1 0 
0 0 0 1 
1 0 0 0 
0 1 0 0 
0 0 1 0 
0 0 0 1 
1 0 0 0 
0 1 0 0 
0 0 1 0 
0 0 0 1 
1 0 0 0 
0 1 0 0 
0 0 1 0 
0 0 0 1 
1 0 0 0 
0 1 0 0 
0 0 1 0 
0 0 0 1 
1 0 0 0 
0 1 0 0 
0 0 1 0 
0 0 0 1 
1 0 0 0 
0 1 0 0 
0 0 1 0 
0 0 0 1 
1 0 0 0 
0 1 0 0 
0 0 1 0 
0 0 0 1 
1 0 0 0 
0 1 0 0 
0 0 1 0 
0 0 0 1 
1 0 0 0 
0 1 0 0 
0 0 1 0 
0 0 0 1 
1 0 0 0 
0 1 0 0 
0 0 1 0 
0 0 0 1 
1 0 0 0 
0 1 0 0 
0 0 1 0 
0 0 0 1 
1 0 0 0 
0 1 0 0 
0 0 1 0 
0 0 0 1 
1 0 0 0 
0 1 0 0 
0 0 1 0 
0 0 0 1 
</float_array>
          <technique_common>
            <accessor count="73" offset="0" source="#Boy01_Brows_Geo_0_2-Matrix-animation-output-transform-array" stride="16">
              <param type="float4x4" />
            </accessor>
          </technique_common>
        </source>
        <source id="Boy01_Brows_Geo_0_2-Interpolations">
          <Name_array id="Boy01_Brows_Geo_0_2-Interpolations-array" count="73">LINEAR
LINEAR
LINEAR
LINEAR
LINEAR
LINEAR
LINEAR
LINEAR
LINEAR
LINEAR
LINEAR
LINEAR
LINEAR
LINEAR
LINEAR
LINEAR
LINEAR
LINEAR
LINEAR
LINEAR
LINEAR
LINEAR
LINEAR
LINEAR
LINEAR
LINEAR
LINEAR
LINEAR
LINEAR
LINEAR
LINEAR
LINEAR
LINEAR
LINEAR
LINEAR
LINEAR
LINEAR
LINEAR
LINEAR
LINEAR
LINEAR
LINEAR
LINEAR
LINEAR
LINEAR
LINEAR
LINEAR
LINEAR
LINEAR
LINEAR
LINEAR
LINEAR
LINEAR
LINEAR
LINEAR
LINEAR
LINEAR
LINEAR
LINEAR
LINEAR
LINEAR
LINEAR
LINEAR
LINEAR
LINEAR
LINEAR
LINEAR
LINEAR
LINEAR
LINEAR
LINEAR
LINEAR
LINEAR</Name_array>
          <technique_common>
            <accessor count="73" offset="0" source="#Boy01_Brows_Geo_0_2-Interpolations-array" stride="1">
              <param type="name" />
            </accessor>
          </technique_common>
        </source>
        <sampler id="Boy01_Brows_Geo_0_2-Matrix-animation-transform">
          <input semantic="INPUT" source="#Boy01_Brows_Geo_0_2-Matrix-animation-input" />
          <input semantic="OUTPUT" source="#Boy01_Brows_Geo_0_2-Matrix-animation-output-transform" />
          <input semantic="INTERPOLATION" source="#Boy01_Brows_Geo_0_2-Interpolations" />
        </sampler>
        <channel source="#Boy01_Brows_Geo_0_2-Matrix-animation-transform" target="Boy01_Brows_Geo/matrix" />
      </animation>
      <animation id="Boy01_Eyes_Geo_0_3-anim" name="Boy01_Eyes_Geo_0_3">
        <source id="Boy01_Eyes_Geo_0_3-Matrix-animation-input">
          <float_array id="Boy01_Eyes_Geo_0_3-Matrix-animation-input-array" count="73">0
0.01666667
0.03333334
0.05
0.06666667
0.08333334
0.1
0.1166667
0.1333333
0.15
0.1666667
0.1833333
0.2
0.2166667
0.2333333
0.25
0.2666667
0.2833334
0.3
0.3166667
0.3333334
0.3500001
0.3666668
0.3833334
0.4000001
0.4166668
0.4333335
0.4500002
0.4666668
0.4833335
0.5000002
0.5166668
0.5333335
0.5500001
0.5666668
0.5833334
0.6000001
0.6166667
0.6333334
0.65
0.6666667
0.6833333
0.7
0.7166666
0.7333333
0.7499999
0.7666666
0.7833332
0.7999999
0.8166665
0.8333332
0.8499998
0.8666665
0.8833331
0.8999998
0.9166664
0.9333331
0.9499997
0.9666664
0.9833331
0.9999997
1.016666
1.033333
1.05
1.066666
1.083333
1.1
1.116666
1.133333
1.15
1.166666
1.183333
1.199661
</float_array>
          <technique_common>
            <accessor count="73" offset="0" source="#Boy01_Eyes_Geo_0_3-Matrix-animation-input-array" stride="1">
              <param name="TIME" type="float" />
            </accessor>
          </technique_common>
        </source>
        <source id="Boy01_Eyes_Geo_0_3-Matrix-animation-output-transform">
          <float_array id="Boy01_Eyes_Geo_0_3-Matrix-animation-output-transform-array" count="1168">1 0 0 0 
0 1 0 0 
0 0 1 0 
0 0 0 1 
1 0 0 0 
0 1 0 0 
0 0 1 0 
0 0 0 1 
1 0 0 0 
0 1 0 0 
0 0 1 0 
0 0 0 1 
1 0 0 0 
0 1 0 0 
0 0 1 0 
0 0 0 1 
1 0 0 0 
0 1 0 0 
0 0 1 0 
0 0 0 1 
1 0 0 0 
0 1 0 0 
0 0 1 0 
0 0 0 1 
1 0 0 0 
0 1 0 0 
0 0 1 0 
0 0 0 1 
1 0 0 0 
0 1 0 0 
0 0 1 0 
0 0 0 1 
1 0 0 0 
0 1 0 0 
0 0 1 0 
0 0 0 1 
1 0 0 0 
0 1 0 0 
0 0 1 0 
0 0 0 1 
1 0 0 0 
0 1 0 0 
0 0 1 0 
0 0 0 1 
1 0 0 0 
0 1 0 0 
0 0 1 0 
0 0 0 1 
1 0 0 0 
0 1 0 0 
0 0 1 0 
0 0 0 1 
1 0 0 0 
0 1 0 0 
0 0 1 0 
0 0 0 1 
1 0 0 0 
0 1 0 0 
0 0 1 0 
0 0 0 1 
1 0 0 0 
0 1 0 0 
0 0 1 0 
0 0 0 1 
1 0 0 0 
0 1 0 0 
0 0 1 0 
0 0 0 1 
1 0 0 0 
0 1 0 0 
0 0 1 0 
0 0 0 1 
1 0 0 0 
0 1 0 0 
0 0 1 0 
0 0 0 1 
1 0 0 0 
0 1 0 0 
0 0 1 0 
0 0 0 1 
1 0 0 0 
0 1 0 0 
0 0 1 0 
0 0 0 1 
1 0 0 0 
0 1 0 0 
0 0 1 0 
0 0 0 1 
1 0 0 0 
0 1 0 0 
0 0 1 0 
0 0 0 1 
1 0 0 0 
0 1 0 0 
0 0 1 0 
0 0 0 1 
1 0 0 0 
0 1 0 0 
0 0 1 0 
0 0 0 1 
1 0 0 0 
0 1 0 0 
0 0 1 0 
0 0 0 1 
1 0 0 0 
0 1 0 0 
0 0 1 0 
0 0 0 1 
1 0 0 0 
0 1 0 0 
0 0 1 0 
0 0 0 1 
1 0 0 0 
0 1 0 0 
0 0 1 0 
0 0 0 1 
1 0 0 0 
0 1 0 0 
0 0 1 0 
0 0 0 1 
1 0 0 0 
0 1 0 0 
0 0 1 0 
0 0 0 1 
1 0 0 0 
0 1 0 0 
0 0 1 0 
0 0 0 1 
1 0 0 0 
0 1 0 0 
0 0 1 0 
0 0 0 1 
1 0 0 0 
0 1 0 0 
0 0 1 0 
0 0 0 1 
1 0 0 0 
0 1 0 0 
0 0 1 0 
0 0 0 1 
1 0 0 0 
0 1 0 0 
0 0 1 0 
0 0 0 1 
1 0 0 0 
0 1 0 0 
0 0 1 0 
0 0 0 1 
1 0 0 0 
0 1 0 0 
0 0 1 0 
0 0 0 1 
1 0 0 0 
0 1 0 0 
0 0 1 0 
0 0 0 1 
1 0 0 0 
0 1 0 0 
0 0 1 0 
0 0 0 1 
1 0 0 0 
0 1 0 0 
0 0 1 0 
0 0 0 1 
1 0 0 0 
0 1 0 0 
0 0 1 0 
0 0 0 1 
1 0 0 0 
0 1 0 0 
0 0 1 0 
0 0 0 1 
1 0 0 0 
0 1 0 0 
0 0 1 0 
0 0 0 1 
1 0 0 0 
0 1 0 0 
0 0 1 0 
0 0 0 1 
1 0 0 0 
0 1 0 0 
0 0 1 0 
0 0 0 1 
1 0 0 0 
0 1 0 0 
0 0 1 0 
0 0 0 1 
1 0 0 0 
0 1 0 0 
0 0 1 0 
0 0 0 1 
1 0 0 0 
0 1 0 0 
0 0 1 0 
0 0 0 1 
1 0 0 0 
0 1 0 0 
0 0 1 0 
0 0 0 1 
1 0 0 0 
0 1 0 0 
0 0 1 0 
0 0 0 1 
1 0 0 0 
0 1 0 0 
0 0 1 0 
0 0 0 1 
1 0 0 0 
0 1 0 0 
0 0 1 0 
0 0 0 1 
1 0 0 0 
0 1 0 0 
0 0 1 0 
0 0 0 1 
1 0 0 0 
0 1 0 0 
0 0 1 0 
0 0 0 1 
1 0 0 0 
0 1 0 0 
0 0 1 0 
0 0 0 1 
1 0 0 0 
0 1 0 0 
0 0 1 0 
0 0 0 1 
1 0 0 0 
0 1 0 0 
0 0 1 0 
0 0 0 1 
1 0 0 0 
0 1 0 0 
0 0 1 0 
0 0 0 1 
1 0 0 0 
0 1 0 0 
0 0 1 0 
0 0 0 1 
1 0 0 0 
0 1 0 0 
0 0 1 0 
0 0 0 1 
1 0 0 0 
0 1 0 0 
0 0 1 0 
0 0 0 1 
1 0 0 0 
0 1 0 0 
0 0 1 0 
0 0 0 1 
1 0 0 0 
0 1 0 0 
0 0 1 0 
0 0 0 1 
1 0 0 0 
0 1 0 0 
0 0 1 0 
0 0 0 1 
1 0 0 0 
0 1 0 0 
0 0 1 0 
0 0 0 1 
1 0 0 0 
0 1 0 0 
0 0 1 0 
0 0 0 1 
1 0 0 0 
0 1 0 0 
0 0 1 0 
0 0 0 1 
1 0 0 0 
0 1 0 0 
0 0 1 0 
0 0 0 1 
1 0 0 0 
0 1 0 0 
0 0 1 0 
0 0 0 1 
1 0 0 0 
0 1 0 0 
0 0 1 0 
0 0 0 1 
1 0 0 0 
0 1 0 0 
0 0 1 0 
0 0 0 1 
1 0 0 0 
0 1 0 0 
0 0 1 0 
0 0 0 1 
</float_array>
          <technique_common>
            <accessor count="73" offset="0" source="#Boy01_Eyes_Geo_0_3-Matrix-animation-output-transform-array" stride="16">
              <param type="float4x4" />
            </accessor>
          </technique_common>
        </source>
        <source id="Boy01_Eyes_Geo_0_3-Interpolations">
          <Name_array id="Boy01_Eyes_Geo_0_3-Interpolations-array" count="73">LINEAR
LINEAR
LINEAR
LINEAR
LINEAR
LINEAR
LINEAR
LINEAR
LINEAR
LINEAR
LINEAR
LINEAR
LINEAR
LINEAR
LINEAR
LINEAR
LINEAR
LINEAR
LINEAR
LINEAR
LINEAR
LINEAR
LINEAR
LINEAR
LINEAR
LINEAR
LINEAR
LINEAR
LINEAR
LINEAR
LINEAR
LINEAR
LINEAR
LINEAR
LINEAR
LINEAR
LINEAR
LINEAR
LINEAR
LINEAR
LINEAR
LINEAR
LINEAR
LINEAR
LINEAR
LINEAR
LINEAR
LINEAR
LINEAR
LINEAR
LINEAR
LINEAR
LINEAR
LINEAR
LINEAR
LINEAR
LINEAR
LINEAR
LINEAR
LINEAR
LINEAR
LINEAR
LINEAR
LINEAR
LINEAR
LINEAR
LINEAR
LINEAR
LINEAR
LINEAR
LINEAR
LINEAR
LINEAR</Name_array>
          <technique_common>
            <accessor count="73" offset="0" source="#Boy01_Eyes_Geo_0_3-Interpolations-array" stride="1">
              <param type="name" />
            </accessor>
          </technique_common>
        </source>
        <sampler id="Boy01_Eyes_Geo_0_3-Matrix-animation-transform">
          <input semantic="INPUT" source="#Boy01_Eyes_Geo_0_3-Matrix-animation-input" />
          <input semantic="OUTPUT" source="#Boy01_Eyes_Geo_0_3-Matrix-animation-output-transform" />
          <input semantic="INTERPOLATION" source="#Boy01_Eyes_Geo_0_3-Interpolations" />
        </sampler>
        <channel source="#Boy01_Eyes_Geo_0_3-Matrix-animation-transform" target="Boy01_Eyes_Geo/matrix" />
      </animation>
      <animation id="h_Geo_0_4-anim" name="h_Geo_0_4">
        <source id="h_Geo_0_4-Matrix-animation-input">
          <float_array id="h_Geo_0_4-Matrix-animation-input-array" count="73">0
0.01666667
0.03333334
0.05
0.06666667
0.08333334
0.1
0.1166667
0.1333333
0.15
0.1666667
0.1833333
0.2
0.2166667
0.2333333
0.25
0.2666667
0.2833334
0.3
0.3166667
0.3333334
0.3500001
0.3666668
0.3833334
0.4000001
0.4166668
0.4333335
0.4500002
0.4666668
0.4833335
0.5000002
0.5166668
0.5333335
0.5500001
0.5666668
0.5833334
0.6000001
0.6166667
0.6333334
0.65
0.6666667
0.6833333
0.7
0.7166666
0.7333333
0.7499999
0.7666666
0.7833332
0.7999999
0.8166665
0.8333332
0.8499998
0.8666665
0.8833331
0.8999998
0.9166664
0.9333331
0.9499997
0.9666664
0.9833331
0.9999997
1.016666
1.033333
1.05
1.066666
1.083333
1.1
1.116666
1.133333
1.15
1.166666
1.183333
1.199661
</float_array>
          <technique_common>
            <accessor count="73" offset="0" source="#h_Geo_0_4-Matrix-animation-input-array" stride="1">
              <param name="TIME" type="float" />
            </accessor>
          </technique_common>
        </source>
        <source id="h_Geo_0_4-Matrix-animation-output-transform">
          <float_array id="h_Geo_0_4-Matrix-animation-output-transform-array" count="1168">1 0 0 0 
0 1 0 0 
0 0 1 0 
0 0 0 1 
1 0 0 0 
0 1 0 0 
0 0 1 0 
0 0 0 1 
1 0 0 0 
0 1 0 0 
0 0 1 0 
0 0 0 1 
1 0 0 0 
0 1 0 0 
0 0 1 0 
0 0 0 1 
1 0 0 0 
0 1 0 0 
0 0 1 0 
0 0 0 1 
1 0 0 0 
0 1 0 0 
0 0 1 0 
0 0 0 1 
1 0 0 0 
0 1 0 0 
0 0 1 0 
0 0 0 1 
1 0 0 0 
0 1 0 0 
0 0 1 0 
0 0 0 1 
1 0 0 0 
0 1 0 0 
0 0 1 0 
0 0 0 1 
1 0 0 0 
0 1 0 0 
0 0 1 0 
0 0 0 1 
1 0 0 0 
0 1 0 0 
0 0 1 0 
0 0 0 1 
1 0 0 0 
0 1 0 0 
0 0 1 0 
0 0 0 1 
1 0 0 0 
0 1 0 0 
0 0 1 0 
0 0 0 1 
1 0 0 0 
0 1 0 0 
0 0 1 0 
0 0 0 1 
1 0 0 0 
0 1 0 0 
0 0 1 0 
0 0 0 1 
1 0 0 0 
0 1 0 0 
0 0 1 0 
0 0 0 1 
1 0 0 0 
0 1 0 0 
0 0 1 0 
0 0 0 1 
1 0 0 0 
0 1 0 0 
0 0 1 0 
0 0 0 1 
1 0 0 0 
0 1 0 0 
0 0 1 0 
0 0 0 1 
1 0 0 0 
0 1 0 0 
0 0 1 0 
0 0 0 1 
1 0 0 0 
0 1 0 0 
0 0 1 0 
0 0 0 1 
1 0 0 0 
0 1 0 0 
0 0 1 0 
0 0 0 1 
1 0 0 0 
0 1 0 0 
0 0 1 0 
0 0 0 1 
1 0 0 0 
0 1 0 0 
0 0 1 0 
0 0 0 1 
1 0 0 0 
0 1 0 0 
0 0 1 0 
0 0 0 1 
1 0 0 0 
0 1 0 0 
0 0 1 0 
0 0 0 1 
1 0 0 0 
0 1 0 0 
0 0 1 0 
0 0 0 1 
1 0 0 0 
0 1 0 0 
0 0 1 0 
0 0 0 1 
1 0 0 0 
0 1 0 0 
0 0 1 0 
0 0 0 1 
1 0 0 0 
0 1 0 0 
0 0 1 0 
0 0 0 1 
1 0 0 0 
0 1 0 0 
0 0 1 0 
0 0 0 1 
1 0 0 0 
0 1 0 0 
0 0 1 0 
0 0 0 1 
1 0 0 0 
0 1 0 0 
0 0 1 0 
0 0 0 1 
1 0 0 0 
0 1 0 0 
0 0 1 0 
0 0 0 1 
1 0 0 0 
0 1 0 0 
0 0 1 0 
0 0 0 1 
1 0 0 0 
0 1 0 0 
0 0 1 0 
0 0 0 1 
1 0 0 0 
0 1 0 0 
0 0 1 0 
0 0 0 1 
1 0 0 0 
0 1 0 0 
0 0 1 0 
0 0 0 1 
1 0 0 0 
0 1 0 0 
0 0 1 0 
0 0 0 1 
1 0 0 0 
0 1 0 0 
0 0 1 0 
0 0 0 1 
1 0 0 0 
0 1 0 0 
0 0 1 0 
0 0 0 1 
1 0 0 0 
0 1 0 0 
0 0 1 0 
0 0 0 1 
1 0 0 0 
0 1 0 0 
0 0 1 0 
0 0 0 1 
1 0 0 0 
0 1 0 0 
0 0 1 0 
0 0 0 1 
1 0 0 0 
0 1 0 0 
0 0 1 0 
0 0 0 1 
1 0 0 0 
0 1 0 0 
0 0 1 0 
0 0 0 1 
1 0 0 0 
0 1 0 0 
0 0 1 0 
0 0 0 1 
1 0 0 0 
0 1 0 0 
0 0 1 0 
0 0 0 1 
1 0 0 0 
0 1 0 0 
0 0 1 0 
0 0 0 1 
1 0 0 0 
0 1 0 0 
0 0 1 0 
0 0 0 1 
1 0 0 0 
0 1 0 0 
0 0 1 0 
0 0 0 1 
1 0 0 0 
0 1 0 0 
0 0 1 0 
0 0 0 1 
1 0 0 0 
0 1 0 0 
0 0 1 0 
0 0 0 1 
1 0 0 0 
0 1 0 0 
0 0 1 0 
0 0 0 1 
1 0 0 0 
0 1 0 0 
0 0 1 0 
0 0 0 1 
1 0 0 0 
0 1 0 0 
0 0 1 0 
0 0 0 1 
1 0 0 0 
0 1 0 0 
0 0 1 0 
0 0 0 1 
1 0 0 0 
0 1 0 0 
0 0 1 0 
0 0 0 1 
1 0 0 0 
0 1 0 0 
0 0 1 0 
0 0 0 1 
1 0 0 0 
0 1 0 0 
0 0 1 0 
0 0 0 1 
1 0 0 0 
0 1 0 0 
0 0 1 0 
0 0 0 1 
1 0 0 0 
0 1 0 0 
0 0 1 0 
0 0 0 1 
1 0 0 0 
0 1 0 0 
0 0 1 0 
0 0 0 1 
1 0 0 0 
0 1 0 0 
0 0 1 0 
0 0 0 1 
1 0 0 0 
0 1 0 0 
0 0 1 0 
0 0 0 1 
1 0 0 0 
0 1 0 0 
0 0 1 0 
0 0 0 1 
1 0 0 0 
0 1 0 0 
0 0 1 0 
0 0 0 1 
1 0 0 0 
0 1 0 0 
0 0 1 0 
0 0 0 1 
1 0 0 0 
0 1 0 0 
0 0 1 0 
0 0 0 1 
1 0 0 0 
0 1 0 0 
0 0 1 0 
0 0 0 1 
1 0 0 0 
0 1 0 0 
0 0 1 0 
0 0 0 1 
1 0 0 0 
0 1 0 0 
0 0 1 0 
0 0 0 1 
1 0 0 0 
0 1 0 0 
0 0 1 0 
0 0 0 1 
</float_array>
          <technique_common>
            <accessor count="73" offset="0" source="#h_Geo_0_4-Matrix-animation-output-transform-array" stride="16">
              <param type="float4x4" />
            </accessor>
          </technique_common>
        </source>
        <source id="h_Geo_0_4-Interpolations">
          <Name_array id="h_Geo_0_4-Interpolations-array" count="73">LINEAR
LINEAR
LINEAR
LINEAR
LINEAR
LINEAR
LINEAR
LINEAR
LINEAR
LINEAR
LINEAR
LINEAR
LINEAR
LINEAR
LINEAR
LINEAR
LINEAR
LINEAR
LINEAR
LINEAR
LINEAR
LINEAR
LINEAR
LINEAR
LINEAR
LINEAR
LINEAR
LINEAR
LINEAR
LINEAR
LINEAR
LINEAR
LINEAR
LINEAR
LINEAR
LINEAR
LINEAR
LINEAR
LINEAR
LINEAR
LINEAR
LINEAR
LINEAR
LINEAR
LINEAR
LINEAR
LINEAR
LINEAR
LINEAR
LINEAR
LINEAR
LINEAR
LINEAR
LINEAR
LINEAR
LINEAR
LINEAR
LINEAR
LINEAR
LINEAR
LINEAR
LINEAR
LINEAR
LINEAR
LINEAR
LINEAR
LINEAR
LINEAR
LINEAR
LINEAR
LINEAR
LINEAR
LINEAR</Name_array>
          <technique_common>
            <accessor count="73" offset="0" source="#h_Geo_0_4-Interpolations-array" stride="1">
              <param type="name" />
            </accessor>
          </technique_common>
        </source>
        <sampler id="h_Geo_0_4-Matrix-animation-transform">
          <input semantic="INPUT" source="#h_Geo_0_4-Matrix-animation-input" />
          <input semantic="OUTPUT" source="#h_Geo_0_4-Matrix-animation-output-transform" />
          <input semantic="INTERPOLATION" source="#h_Geo_0_4-Interpolations" />
        </sampler>
        <channel source="#h_Geo_0_4-Matrix-animation-transform" target="h_Geo/matrix" />
      </animation>
      <animation id="Hips_0_5-anim" name="Hips_0_5">
        <source id="Hips_0_5-Matrix-animation-input">
          <float_array id="Hips_0_5-Matrix-animation-input-array" count="73">0
0.01666667
0.03333334
0.05
0.06666667
0.08333334
0.1
0.1166667
0.1333333
0.15
0.1666667
0.1833333
0.2
0.2166667
0.2333333
0.25
0.2666667
0.2833334
0.3
0.3166667
0.3333334
0.3500001
0.3666668
0.3833334
0.4000001
0.4166668
0.4333335
0.4500002
0.4666668
0.4833335
0.5000002
0.5166668
0.5333335
0.5500001
0.5666668
0.5833334
0.6000001
0.6166667
0.6333334
0.65
0.6666667
0.6833333
0.7
0.7166666
0.7333333
0.7499999
0.7666666
0.7833332
0.7999999
0.8166665
0.8333332
0.8499998
0.8666665
0.8833331
0.8999998
0.9166664
0.9333331
0.9499997
0.9666664
0.9833331
0.9999997
1.016666
1.033333
1.05
1.066666
1.083333
1.1
1.116666
1.133333
1.15
1.166666
1.183333
1.199661
</float_array>
          <technique_common>
            <accessor count="73" offset="0" source="#Hips_0_5-Matrix-animation-input-array" stride="1">
              <param name="TIME" type="float" />
            </accessor>
          </technique_common>
        </source>
        <source id="Hips_0_5-Matrix-animation-output-transform">
          <float_array id="Hips_0_5-Matrix-animation-output-transform-array" count="1168">0.9492014 -0.1064101 0.2961311 4.416815E-09 
0.009840072 0.9506642 0.3100657 0.832392 
-0.3145154 -0.2914008 0.9034189 0.004143002 
0 0 0 1 
0.9492014 -0.1064101 0.2961311 4.416815E-09 
0.009840072 0.9506642 0.3100657 0.832392 
-0.3145154 -0.2914008 0.9034189 0.004143002 
0 0 0 1 
0.9492014 -0.1064101 0.2961311 4.416815E-09 
0.009840072 0.9506642 0.3100657 0.832392 
-0.3145154 -0.2914008 0.9034189 0.004143002 
0 0 0 1 
0.9492014 -0.1064101 0.2961311 4.416815E-09 
0.009840072 0.9506642 0.3100657 0.832392 
-0.3145154 -0.2914008 0.9034189 0.004143002 
0 0 0 1 
0.9492014 -0.1064101 0.2961311 4.416815E-09 
0.009840072 0.9506642 0.3100657 0.832392 
-0.3145154 -0.2914008 0.9034189 0.004143002 
0 0 0 1 
0.9492042 -0.1063954 0.2961276 4.416815E-09 
0.009829095 0.9506668 0.3100583 0.832392 
-0.3145074 -0.2913979 0.9034226 0.004143002 
0 0 0 1 
0.9492111 -0.1063578 0.2961188 4.416815E-09 
0.009800953 0.9506733 0.310039 0.832392 
-0.3144873 -0.2913902 0.9034321 0.004143002 
0 0 0 1 
0.949218 -0.10632 0.29611 4.416815E-09 
0.009772678 0.95068 0.3100194 0.832392 
-0.3144671 -0.2913823 0.9034417 0.004143002 
0 0 0 1 
0.9492249 -0.1062833 0.2961012 4.416815E-09 
0.009745265 0.9506863 0.310001 0.832392 
-0.3144473 -0.291375 0.9034508 0.004143002 
0 0 0 1 
0.9492315 -0.1062494 0.2960924 4.416815E-09 
0.009719765 0.9506918 0.3099847 0.832392 
-0.3144283 -0.2913693 0.9034593 0.004143002 
0 0 0 1 
0.9492376 -0.1062192 0.2960834 4.416815E-09 
0.009697001 0.9506963 0.3099716 0.832392 
-0.3144104 -0.2913656 0.9034668 0.004143002 
0 0 0 1 
0.9492435 -0.1061922 0.2960741 4.416815E-09 
0.009676653 0.9507 0.3099611 0.832392 
-0.3143931 -0.2913635 0.9034735 0.004143002 
0 0 0 1 
0.9492493 -0.1061671 0.2960647 4.416815E-09 
0.009657669 0.9507031 0.3099521 0.832392 
-0.3143764 -0.2913625 0.9034796 0.004143002 
0 0 0 1 
0.9492548 -0.1061428 0.2960557 4.416815E-09 
0.009639088 0.950706 0.3099439 0.832392 
-0.3143602 -0.291362 0.9034854 0.004143002 
0 0 0 1 
0.9492602 -0.1061181 0.2960472 4.416815E-09 
0.009619848 0.9507088 0.3099359 0.832392 
-0.3143444 -0.2913619 0.9034909 0.004143002 
0 0 0 1 
0.9492656 -0.1060917 0.2960396 4.416815E-09 
0.009598904 0.9507118 0.3099272 0.832392 
-0.314329 -0.2913615 0.9034964 0.004143002 
0 0 0 1 
0.9492708 -0.1060634 0.2960329 4.416815E-09 
0.009575882 0.9507151 0.3099181 0.832392 
-0.3143139 -0.2913614 0.9035017 0.004143002 
0 0 0 1 
0.9492759 -0.1060352 0.2960269 4.416815E-09 
0.009552616 0.9507181 0.3099094 0.832392 
-0.3142994 -0.2913617 0.9035066 0.004143002 
0 0 0 1 
0.9492806 -0.1060093 0.296021 4.416815E-09 
0.009531173 0.9507207 0.309902 0.832392 
-0.3142858 -0.2913625 0.9035112 0.004143002 
0 0 0 1 
0.9492849 -0.1059876 0.2960148 4.416815E-09 
0.00951344 0.9507228 0.3098963 0.832392 
-0.3142732 -0.2913638 0.9035151 0.004143002 
0 0 0 1 
0.9492889 -0.1059697 0.2960084 4.416815E-09 
0.009498822 0.9507241 0.3098926 0.832392 
-0.3142616 -0.2913659 0.9035184 0.004143002 
0 0 0 1 
0.9492926 -0.1059545 0.2960021 4.416815E-09 
0.009486465 0.9507251 0.3098901 0.832392 
-0.3142509 -0.2913684 0.9035214 0.004143002 
0 0 0 1 
0.949296 -0.1059412 0.295996 4.416815E-09 
0.009475738 0.9507257 0.3098883 0.832392 
-0.314241 -0.291371 0.903524 0.004143002 
0 0 0 1 
0.9492991 -0.1059291 0.2959904 4.416815E-09 
0.009466078 0.9507264 0.3098865 0.832392 
-0.3142319 -0.2913731 0.9035265 0.004143002 
0 0 0 1 
0.9493017 -0.1059185 0.2959855 4.416815E-09 
0.009457743 0.9507272 0.3098845 0.832392 
-0.3142239 -0.2913746 0.9035287 0.004143002 
0 0 0 1 
0.9493042 -0.1059097 0.2959809 4.416815E-09 
0.009450981 0.9507278 0.3098829 0.832392 
-0.3142169 -0.2913758 0.9035308 0.004143002 
0 0 0 1 
0.9493064 -0.105902 0.2959767 4.416815E-09 
0.009445149 0.9507283 0.3098815 0.832392 
-0.3142105 -0.2913769 0.9035327 0.004143002 
0 0 0 1 
0.9493085 -0.1058947 0.2959724 4.416815E-09 
0.009439724 0.9507288 0.3098801 0.832392 
-0.3142041 -0.291378 0.9035345 0.004143002 
0 0 0 1 
0.9493108 -0.1058872 0.2959678 4.416815E-09 
0.009434137 0.9507293 0.3098788 0.832392 
-0.3141974 -0.2913791 0.9035365 0.004143002 
0 0 0 1 
0.9493132 -0.1058796 0.295963 4.416815E-09 
0.009428563 0.9507298 0.3098774 0.832392 
-0.3141905 -0.2913802 0.9035386 0.004143002 
0 0 0 1 
0.9493155 -0.1058723 0.2959581 4.416815E-09 
0.009423304 0.9507303 0.3098761 0.832392 
-0.3141836 -0.2913812 0.9035406 0.004143002 
0 0 0 1 
0.9493178 -0.1058654 0.295953 4.416815E-09 
0.009418439 0.9507307 0.3098748 0.832392 
-0.3141766 -0.2913823 0.9035427 0.004143002 
0 0 0 1 
0.9493202 -0.105859 0.2959479 4.416815E-09 
0.00941403 0.9507311 0.3098738 0.832392 
-0.3141699 -0.2913834 0.9035447 0.004143002 
0 0 0 1 
0.9493225 -0.105853 0.2959424 4.416815E-09 
0.009410182 0.9507315 0.3098729 0.832392 
-0.3141627 -0.2913844 0.9035469 0.004143002 
0 0 0 1 
0.949325 -0.1058475 0.2959365 4.416815E-09 
0.009406832 0.9507318 0.3098719 0.832392 
-0.3141554 -0.2913853 0.9035491 0.004143002 
0 0 0 1 
0.9493273 -0.1058424 0.2959308 4.416815E-09 
0.009403829 0.950732 0.3098713 0.832392 
-0.3141485 -0.2913864 0.9035512 0.004143002 
0 0 0 1 
0.9493293 -0.1058381 0.2959261 4.416815E-09 
0.009401012 0.9507321 0.3098713 0.832392 
-0.3141426 -0.2913879 0.9035527 0.004143002 
0 0 0 1 
0.9493306 -0.1058346 0.2959229 4.416815E-09 
