<?xml version="1.0" encoding="utf-8"?>
<COLLADA xmlns:xsi="http://www.w3.org/2001/XMLSchema-instance" xmlns:xsd="http://www.w3.org/2001/XMLSchema" version="1.4.1" xmlns="http://www.collada.org/2005/11/COLLADASchema">
  <asset>
    <created>2017-04-20T00:13:07.542337+08:00</created>
    <modified>2017-04-20T00:13:07.542337+08:00</modified>
    <unit meter="1" name="meter" />
    <up_axis>Y_UP</up_axis>
    <contributor>
      <authoring_tool>Skele: Character Animation Tools</authoring_tool>
      <comments>https://www.assetstore.unity3d.com/en/#!/content/16899</comments>
    </contributor>
    <revision>1.0</revision>
  </asset>
  <library_animation_clips>
    <animation_clip name="love" start="0" end="1.0277296304702759">
      <instance_animation url="love_0" />
    </animation_clip>
  </library_animation_clips>
  <library_animations>
    <animation id="love_0" name="love">
      <animation id="_0_0-anim" name="_0_0">
        <source id="_0_0-Matrix-animation-input">
          <float_array id="_0_0-Matrix-animation-input-array" count="63">0
0.01666667
0.03333334
0.05
0.06666667
0.08333334
0.1
0.1166667
0.1333333
0.15
0.1666667
0.1833333
0.2
0.2166667
0.2333333
0.25
0.2666667
0.2833334
0.3
0.3166667
0.3333334
0.3500001
0.3666668
0.3833334
0.4000001
0.4166668
0.4333335
0.4500002
0.4666668
0.4833335
0.5000002
0.5166668
0.5333335
0.5500001
0.5666668
0.5833334
0.6000001
0.6166667
0.6333334
0.65
0.6666667
0.6833333
0.7
0.7166666
0.7333333
0.7499999
0.7666666
0.7833332
0.7999999
0.8166665
0.8333332
0.8499998
0.8666665
0.8833331
0.8999998
0.9166664
0.9333331
0.9499997
0.9666664
0.9833331
0.9999997
1.016666
1.02773
</float_array>
          <technique_common>
            <accessor count="63" offset="0" source="#_0_0-Matrix-animation-input-array" stride="1">
              <param name="TIME" type="float" />
            </accessor>
          </technique_common>
        </source>
        <source id="_0_0-Matrix-animation-output-transform">
          <float_array id="_0_0-Matrix-animation-output-transform-array" count="1008">-3.265421 0 -0.4351119 0.5092431 
0 3.294281 0 -3.4536 
0.4351119 0 -3.265421 0.2745262 
0 0 0 1 
-3.265421 0 -0.4351119 0.5092431 
0 3.294281 0 -3.4536 
0.4351119 0 -3.265421 0.2745262 
0 0 0 1 
-3.265421 0 -0.4351119 0.5092431 
0 3.294281 0 -3.4536 
0.4351119 0 -3.265421 0.2745262 
0 0 0 1 
-3.265421 0 -0.4351119 0.5092431 
0 3.294281 0 -3.4536 
0.4351119 0 -3.265421 0.2745262 
0 0 0 1 
-3.265421 0 -0.4351119 0.5092431 
0 3.294281 0 -3.4536 
0.4351119 0 -3.265421 0.2745262 
0 0 0 1 
-3.265421 0 -0.4351119 0.5092431 
0 3.294281 0 -3.4536 
0.4351119 0 -3.265421 0.2745262 
0 0 0 1 
-3.265421 0 -0.4351119 0.5092431 
0 3.294281 0 -3.4536 
0.4351119 0 -3.265421 0.2745262 
0 0 0 1 
-3.265421 0 -0.4351119 0.5092431 
0 3.294281 0 -3.4536 
0.4351119 0 -3.265421 0.2745262 
0 0 0 1 
-3.265421 0 -0.4351119 0.5092431 
0 3.294281 0 -3.4536 
0.4351119 0 -3.265421 0.2745262 
0 0 0 1 
-3.265421 0 -0.4351119 0.5092431 
0 3.294281 0 -3.4536 
0.4351119 0 -3.265421 0.2745262 
0 0 0 1 
-3.265421 0 -0.4351119 0.5092431 
0 3.294281 0 -3.4536 
0.4351119 0 -3.265421 0.2745262 
0 0 0 1 
-3.265421 0 -0.4351119 0.5092431 
0 3.294281 0 -3.4536 
0.4351119 0 -3.265421 0.2745262 
0 0 0 1 
-3.265421 0 -0.4351119 0.5092431 
0 3.294281 0 -3.4536 
0.4351119 0 -3.265421 0.2745262 
0 0 0 1 
-3.265421 0 -0.4351119 0.5092431 
0 3.294281 0 -3.4536 
0.4351119 0 -3.265421 0.2745262 
0 0 0 1 
-3.265421 0 -0.4351119 0.5092431 
0 3.294281 0 -3.4536 
0.4351119 0 -3.265421 0.2745262 
0 0 0 1 
-3.265421 0 -0.4351119 0.5092431 
0 3.294281 0 -3.4536 
0.4351119 0 -3.265421 0.2745262 
0 0 0 1 
-3.265421 0 -0.4351119 0.5092431 
0 3.294281 0 -3.4536 
0.4351119 0 -3.265421 0.2745262 
0 0 0 1 
-3.265421 0 -0.4351119 0.5092431 
0 3.294281 0 -3.4536 
0.4351119 0 -3.265421 0.2745262 
0 0 0 1 
-3.265421 0 -0.4351119 0.5092431 
0 3.294281 0 -3.4536 
0.4351119 0 -3.265421 0.2745262 
0 0 0 1 
-3.265421 0 -0.4351119 0.5092431 
0 3.294281 0 -3.4536 
0.4351119 0 -3.265421 0.2745262 
0 0 0 1 
-3.265421 0 -0.4351119 0.5092431 
0 3.294281 0 -3.4536 
0.4351119 0 -3.265421 0.2745262 
0 0 0 1 
-3.265421 0 -0.4351119 0.5092431 
0 3.294281 0 -3.4536 
0.4351119 0 -3.265421 0.2745262 
0 0 0 1 
-3.265421 0 -0.4351119 0.5092431 
0 3.294281 0 -3.4536 
0.4351119 0 -3.265421 0.2745262 
0 0 0 1 
-3.265421 0 -0.4351119 0.5092431 
0 3.294281 0 -3.4536 
0.4351119 0 -3.265421 0.2745262 
0 0 0 1 
-3.265421 0 -0.4351119 0.5092431 
0 3.294281 0 -3.4536 
0.4351119 0 -3.265421 0.2745262 
0 0 0 1 
-3.265421 0 -0.4351119 0.5092431 
0 3.294281 0 -3.4536 
0.4351119 0 -3.265421 0.2745262 
0 0 0 1 
-3.265421 0 -0.4351119 0.5092431 
0 3.294281 0 -3.4536 
0.4351119 0 -3.265421 0.2745262 
0 0 0 1 
-3.265421 0 -0.4351119 0.5092431 
0 3.294281 0 -3.4536 
0.4351119 0 -3.265421 0.2745262 
0 0 0 1 
-3.265421 0 -0.4351119 0.5092431 
0 3.294281 0 -3.4536 
0.4351119 0 -3.265421 0.2745262 
0 0 0 1 
-3.265421 0 -0.4351119 0.5092431 
0 3.294281 0 -3.4536 
0.4351119 0 -3.265421 0.2745262 
0 0 0 1 
-3.265421 0 -0.4351119 0.5092431 
0 3.294281 0 -3.4536 
0.4351119 0 -3.265421 0.2745262 
0 0 0 1 
-3.265421 0 -0.4351119 0.5092431 
0 3.294281 0 -3.4536 
0.4351119 0 -3.265421 0.2745262 
0 0 0 1 
-3.265421 0 -0.4351119 0.5092431 
0 3.294281 0 -3.4536 
0.4351119 0 -3.265421 0.2745262 
0 0 0 1 
-3.265421 0 -0.4351119 0.5092431 
0 3.294281 0 -3.4536 
0.4351119 0 -3.265421 0.2745262 
0 0 0 1 
-3.265421 0 -0.4351119 0.5092431 
0 3.294281 0 -3.4536 
0.4351119 0 -3.265421 0.2745262 
0 0 0 1 
-3.265421 0 -0.4351119 0.5092431 
0 3.294281 0 -3.4536 
0.4351119 0 -3.265421 0.2745262 
0 0 0 1 
-3.265421 0 -0.4351119 0.5092431 
0 3.294281 0 -3.4536 
0.4351119 0 -3.265421 0.2745262 
0 0 0 1 
-3.265421 0 -0.4351119 0.5092431 
0 3.294281 0 -3.4536 
0.4351119 0 -3.265421 0.2745262 
0 0 0 1 
-3.265421 0 -0.4351119 0.5092431 
0 3.294281 0 -3.4536 
0.4351119 0 -3.265421 0.2745262 
0 0 0 1 
-3.265421 0 -0.4351119 0.5092431 
0 3.294281 0 -3.4536 
0.4351119 0 -3.265421 0.2745262 
0 0 0 1 
-3.265421 0 -0.4351119 0.5092431 
0 3.294281 0 -3.4536 
0.4351119 0 -3.265421 0.2745262 
0 0 0 1 
-3.265421 0 -0.4351119 0.5092431 
0 3.294281 0 -3.4536 
0.4351119 0 -3.265421 0.2745262 
0 0 0 1 
-3.265421 0 -0.4351119 0.5092431 
0 3.294281 0 -3.4536 
0.4351119 0 -3.265421 0.2745262 
0 0 0 1 
-3.265421 0 -0.4351119 0.5092431 
0 3.294281 0 -3.4536 
0.4351119 0 -3.265421 0.2745262 
0 0 0 1 
-3.265421 0 -0.4351119 0.5092431 
0 3.294281 0 -3.4536 
0.4351119 0 -3.265421 0.2745262 
0 0 0 1 
-3.265421 0 -0.4351119 0.5092431 
0 3.294281 0 -3.4536 
0.4351119 0 -3.265421 0.2745262 
0 0 0 1 
-3.265421 0 -0.4351119 0.5092431 
0 3.294281 0 -3.4536 
0.4351119 0 -3.265421 0.2745262 
0 0 0 1 
-3.265421 0 -0.4351119 0.5092431 
0 3.294281 0 -3.4536 
0.4351119 0 -3.265421 0.2745262 
0 0 0 1 
-3.265421 0 -0.4351119 0.5092431 
0 3.294281 0 -3.4536 
0.4351119 0 -3.265421 0.2745262 
0 0 0 1 
-3.265421 0 -0.4351119 0.5092431 
0 3.294281 0 -3.4536 
0.4351119 0 -3.265421 0.2745262 
0 0 0 1 
-3.265421 0 -0.4351119 0.5092431 
0 3.294281 0 -3.4536 
0.4351119 0 -3.265421 0.2745262 
0 0 0 1 
-3.265421 0 -0.4351119 0.5092431 
0 3.294281 0 -3.4536 
0.4351119 0 -3.265421 0.2745262 
0 0 0 1 
-3.265421 0 -0.4351119 0.5092431 
0 3.294281 0 -3.4536 
0.4351119 0 -3.265421 0.2745262 
0 0 0 1 
-3.265421 0 -0.4351119 0.5092431 
0 3.294281 0 -3.4536 
0.4351119 0 -3.265421 0.2745262 
0 0 0 1 
-3.265421 0 -0.4351119 0.5092431 
0 3.294281 0 -3.4536 
0.4351119 0 -3.265421 0.2745262 
0 0 0 1 
-3.265421 0 -0.4351119 0.5092431 
0 3.294281 0 -3.4536 
0.4351119 0 -3.265421 0.2745262 
0 0 0 1 
-3.265421 0 -0.4351119 0.5092431 
0 3.294281 0 -3.4536 
0.4351119 0 -3.265421 0.2745262 
0 0 0 1 
-3.265421 0 -0.4351119 0.5092431 
0 3.294281 0 -3.4536 
0.4351119 0 -3.265421 0.2745262 
0 0 0 1 
-3.265421 0 -0.4351119 0.5092431 
0 3.294281 0 -3.4536 
0.4351119 0 -3.265421 0.2745262 
0 0 0 1 
-3.265421 0 -0.4351119 0.5092431 
0 3.294281 0 -3.4536 
0.4351119 0 -3.265421 0.2745262 
0 0 0 1 
-3.265421 0 -0.4351119 0.5092431 
0 3.294281 0 -3.4536 
0.4351119 0 -3.265421 0.2745262 
0 0 0 1 
-3.265421 0 -0.4351119 0.5092431 
0 3.294281 0 -3.4536 
0.4351119 0 -3.265421 0.2745262 
0 0 0 1 
-3.265421 0 -0.4351119 0.5092431 
0 3.294281 0 -3.4536 
0.4351119 0 -3.265421 0.2745262 
0 0 0 1 
</float_array>
          <technique_common>
            <accessor count="63" offset="0" source="#_0_0-Matrix-animation-output-transform-array" stride="16">
              <param type="float4x4" />
            </accessor>
          </technique_common>
        </source>
        <source id="_0_0-Interpolations">
          <Name_array id="_0_0-Interpolations-array" count="63">LINEAR
LINEAR
LINEAR
LINEAR
LINEAR
LINEAR
LINEAR
LINEAR
LINEAR
LINEAR
LINEAR
LINEAR
LINEAR
LINEAR
LINEAR
LINEAR
LINEAR
LINEAR
LINEAR
LINEAR
LINEAR
LINEAR
LINEAR
LINEAR
LINEAR
LINEAR
LINEAR
LINEAR
LINEAR
LINEAR
LINEAR
LINEAR
LINEAR
LINEAR
LINEAR
LINEAR
LINEAR
LINEAR
LINEAR
LINEAR
LINEAR
LINEAR
LINEAR
LINEAR
LINEAR
LINEAR
LINEAR
LINEAR
LINEAR
LINEAR
LINEAR
LINEAR
LINEAR
LINEAR
LINEAR
LINEAR
LINEAR
LINEAR
LINEAR
LINEAR
LINEAR
LINEAR
LINEAR</Name_array>
          <technique_common>
            <accessor count="63" offset="0" source="#_0_0-Interpolations-array" stride="1">
              <param type="name" />
            </accessor>
          </technique_common>
        </source>
        <sampler id="_0_0-Matrix-animation-transform">
          <input semantic="INPUT" source="#_0_0-Matrix-animation-input" />
          <input semantic="OUTPUT" source="#_0_0-Matrix-animation-output-transform" />
          <input semantic="INTERPOLATION" source="#_0_0-Interpolations" />
        </sampler>
        <channel source="#_0_0-Matrix-animation-transform" target="/matrix" />
      </animation>
      <animation id="Boy01_Body_Geo_0_1-anim" name="Boy01_Body_Geo_0_1">
        <source id="Boy01_Body_Geo_0_1-Matrix-animation-input">
          <float_array id="Boy01_Body_Geo_0_1-Matrix-animation-input-array" count="63">0
0.01666667
0.03333334
0.05
0.06666667
0.08333334
0.1
0.1166667
0.1333333
0.15
0.1666667
0.1833333
0.2
0.2166667
0.2333333
0.25
0.2666667
0.2833334
0.3
0.3166667
0.3333334
0.3500001
0.3666668
0.3833334
0.4000001
0.4166668
0.4333335
0.4500002
0.4666668
0.4833335
0.5000002
0.5166668
0.5333335
0.5500001
0.5666668
0.5833334
0.6000001
0.6166667
0.6333334
0.65
0.6666667
0.6833333
0.7
0.7166666
0.7333333
0.7499999
0.7666666
0.7833332
0.7999999
0.8166665
0.8333332
0.8499998
0.8666665
0.8833331
0.8999998
0.9166664
0.9333331
0.9499997
0.9666664
0.9833331
0.9999997
1.016666
1.02773
</float_array>
          <technique_common>
            <accessor count="63" offset="0" source="#Boy01_Body_Geo_0_1-Matrix-animation-input-array" stride="1">
              <param name="TIME" type="float" />
            </accessor>
          </technique_common>
        </source>
        <source id="Boy01_Body_Geo_0_1-Matrix-animation-output-transform">
          <float_array id="Boy01_Body_Geo_0_1-Matrix-animation-output-transform-array" count="1008">1 0 0 0 
0 1 0 0 
0 0 1 0 
0 0 0 1 
1 0 0 0 
0 1 0 0 
0 0 1 0 
0 0 0 1 
1 0 0 0 
0 1 0 0 
0 0 1 0 
0 0 0 1 
1 0 0 0 
0 1 0 0 
0 0 1 0 
0 0 0 1 
1 0 0 0 
0 1 0 0 
0 0 1 0 
0 0 0 1 
1 0 0 0 
0 1 0 0 
0 0 1 0 
0 0 0 1 
1 0 0 0 
0 1 0 0 
0 0 1 0 
0 0 0 1 
1 0 0 0 
0 1 0 0 
0 0 1 0 
0 0 0 1 
1 0 0 0 
0 1 0 0 
0 0 1 0 
0 0 0 1 
1 0 0 0 
0 1 0 0 
0 0 1 0 
0 0 0 1 
1 0 0 0 
0 1 0 0 
0 0 1 0 
0 0 0 1 
1 0 0 0 
0 1 0 0 
0 0 1 0 
0 0 0 1 
1 0 0 0 
0 1 0 0 
0 0 1 0 
0 0 0 1 
1 0 0 0 
0 1 0 0 
0 0 1 0 
0 0 0 1 
1 0 0 0 
0 1 0 0 
0 0 1 0 
0 0 0 1 
1 0 0 0 
0 1 0 0 
0 0 1 0 
0 0 0 1 
1 0 0 0 
0 1 0 0 
0 0 1 0 
0 0 0 1 
1 0 0 0 
0 1 0 0 
0 0 1 0 
0 0 0 1 
1 0 0 0 
0 1 0 0 
0 0 1 0 
0 0 0 1 
1 0 0 0 
0 1 0 0 
0 0 1 0 
0 0 0 1 
1 0 0 0 
0 1 0 0 
0 0 1 0 
0 0 0 1 
1 0 0 0 
0 1 0 0 
0 0 1 0 
0 0 0 1 
1 0 0 0 
0 1 0 0 
0 0 1 0 
0 0 0 1 
1 0 0 0 
0 1 0 0 
0 0 1 0 
0 0 0 1 
1 0 0 0 
0 1 0 0 
0 0 1 0 
0 0 0 1 
1 0 0 0 
0 1 0 0 
0 0 1 0 
0 0 0 1 
1 0 0 0 
0 1 0 0 
0 0 1 0 
0 0 0 1 
1 0 0 0 
0 1 0 0 
0 0 1 0 
0 0 0 1 
1 0 0 0 
0 1 0 0 
0 0 1 0 
0 0 0 1 
1 0 0 0 
0 1 0 0 
0 0 1 0 
0 0 0 1 
1 0 0 0 
0 1 0 0 
0 0 1 0 
0 0 0 1 
1 0 0 0 
0 1 0 0 
0 0 1 0 
0 0 0 1 
1 0 0 0 
0 1 0 0 
0 0 1 0 
0 0 0 1 
1 0 0 0 
0 1 0 0 
0 0 1 0 
0 0 0 1 
1 0 0 0 
0 1 0 0 
0 0 1 0 
0 0 0 1 
1 0 0 0 
0 1 0 0 
0 0 1 0 
0 0 0 1 
1 0 0 0 
0 1 0 0 
0 0 1 0 
0 0 0 1 
1 0 0 0 
0 1 0 0 
0 0 1 0 
0 0 0 1 
1 0 0 0 
0 1 0 0 
0 0 1 0 
0 0 0 1 
1 0 0 0 
0 1 0 0 
0 0 1 0 
0 0 0 1 
1 0 0 0 
0 1 0 0 
0 0 1 0 
0 0 0 1 
1 0 0 0 
0 1 0 0 
0 0 1 0 
0 0 0 1 
1 0 0 0 
0 1 0 0 
0 0 1 0 
0 0 0 1 
1 0 0 0 
0 1 0 0 
0 0 1 0 
0 0 0 1 
1 0 0 0 
0 1 0 0 
0 0 1 0 
0 0 0 1 
1 0 0 0 
0 1 0 0 
0 0 1 0 
0 0 0 1 
1 0 0 0 
0 1 0 0 
0 0 1 0 
0 0 0 1 
1 0 0 0 
0 1 0 0 
0 0 1 0 
0 0 0 1 
1 0 0 0 
0 1 0 0 
0 0 1 0 
0 0 0 1 
1 0 0 0 
0 1 0 0 
0 0 1 0 
0 0 0 1 
1 0 0 0 
0 1 0 0 
0 0 1 0 
0 0 0 1 
1 0 0 0 
0 1 0 0 
0 0 1 0 
0 0 0 1 
1 0 0 0 
0 1 0 0 
0 0 1 0 
0 0 0 1 
1 0 0 0 
0 1 0 0 
0 0 1 0 
0 0 0 1 
1 0 0 0 
0 1 0 0 
0 0 1 0 
0 0 0 1 
1 0 0 0 
0 1 0 0 
0 0 1 0 
0 0 0 1 
1 0 0 0 
0 1 0 0 
0 0 1 0 
0 0 0 1 
1 0 0 0 
0 1 0 0 
0 0 1 0 
0 0 0 1 
1 0 0 0 
0 1 0 0 
0 0 1 0 
0 0 0 1 
1 0 0 0 
0 1 0 0 
0 0 1 0 
0 0 0 1 
1 0 0 0 
0 1 0 0 
0 0 1 0 
0 0 0 1 
1 0 0 0 
0 1 0 0 
0 0 1 0 
0 0 0 1 
1 0 0 0 
0 1 0 0 
0 0 1 0 
0 0 0 1 
</float_array>
          <technique_common>
            <accessor count="63" offset="0" source="#Boy01_Body_Geo_0_1-Matrix-animation-output-transform-array" stride="16">
              <param type="float4x4" />
            </accessor>
          </technique_common>
        </source>
        <source id="Boy01_Body_Geo_0_1-Interpolations">
          <Name_array id="Boy01_Body_Geo_0_1-Interpolations-array" count="63">LINEAR
LINEAR
LINEAR
LINEAR
LINEAR
LINEAR
LINEAR
LINEAR
LINEAR
LINEAR
LINEAR
LINEAR
LINEAR
LINEAR
LINEAR
LINEAR
LINEAR
LINEAR
LINEAR
LINEAR
LINEAR
LINEAR
LINEAR
LINEAR
LINEAR
LINEAR
LINEAR
LINEAR
LINEAR
LINEAR
LINEAR
LINEAR
LINEAR
LINEAR
LINEAR
LINEAR
LINEAR
LINEAR
LINEAR
LINEAR
LINEAR
LINEAR
LINEAR
LINEAR
LINEAR
LINEAR
LINEAR
LINEAR
LINEAR
LINEAR
LINEAR
LINEAR
LINEAR
LINEAR
LINEAR
LINEAR
LINEAR
LINEAR
LINEAR
LINEAR
LINEAR
LINEAR
LINEAR</Name_array>
          <technique_common>
            <accessor count="63" offset="0" source="#Boy01_Body_Geo_0_1-Interpolations-array" stride="1">
              <param type="name" />
            </accessor>
          </technique_common>
        </source>
        <sampler id="Boy01_Body_Geo_0_1-Matrix-animation-transform">
          <input semantic="INPUT" source="#Boy01_Body_Geo_0_1-Matrix-animation-input" />
          <input semantic="OUTPUT" source="#Boy01_Body_Geo_0_1-Matrix-animation-output-transform" />
          <input semantic="INTERPOLATION" source="#Boy01_Body_Geo_0_1-Interpolations" />
        </sampler>
        <channel source="#Boy01_Body_Geo_0_1-Matrix-animation-transform" target="Boy01_Body_Geo/matrix" />
      </animation>
      <animation id="Boy01_Brows_Geo_0_2-anim" name="Boy01_Brows_Geo_0_2">
        <source id="Boy01_Brows_Geo_0_2-Matrix-animation-input">
          <float_array id="Boy01_Brows_Geo_0_2-Matrix-animation-input-array" count="63">0
0.01666667
0.03333334
0.05
0.06666667
0.08333334
0.1
0.1166667
0.1333333
0.15
0.1666667
0.1833333
0.2
0.2166667
0.2333333
0.25
0.2666667
0.2833334
0.3
0.3166667
0.3333334
0.3500001
0.3666668
0.3833334
0.4000001
0.4166668
0.4333335
0.4500002
0.4666668
0.4833335
0.5000002
0.5166668
0.5333335
0.5500001
0.5666668
0.5833334
0.6000001
0.6166667
0.6333334
0.65
0.6666667
0.6833333
0.7
0.7166666
0.7333333
0.7499999
0.7666666
0.7833332
0.7999999
0.8166665
0.8333332
0.8499998
0.8666665
0.8833331
0.8999998
0.9166664
0.9333331
0.9499997
0.9666664
0.9833331
0.9999997
1.016666
1.02773
</float_array>
          <technique_common>
            <accessor count="63" offset="0" source="#Boy01_Brows_Geo_0_2-Matrix-animation-input-array" stride="1">
              <param name="TIME" type="float" />
            </accessor>
          </technique_common>
        </source>
        <source id="Boy01_Brows_Geo_0_2-Matrix-animation-output-transform">
          <float_array id="Boy01_Brows_Geo_0_2-Matrix-animation-output-transform-array" count="1008">1 0 0 0 
0 1 0 0 
0 0 1 0 
0 0 0 1 
1 0 0 0 
0 1 0 0 
0 0 1 0 
0 0 0 1 
1 0 0 0 
0 1 0 0 
0 0 1 0 
0 0 0 1 
1 0 0 0 
0 1 0 0 
0 0 1 0 
0 0 0 1 
1 0 0 0 
0 1 0 0 
0 0 1 0 
0 0 0 1 
1 0 0 0 
0 1 0 0 
0 0 1 0 
0 0 0 1 
1 0 0 0 
0 1 0 0 
0 0 1 0 
0 0 0 1 
1 0 0 0 
0 1 0 0 
0 0 1 0 
0 0 0 1 
1 0 0 0 
0 1 0 0 
0 0 1 0 
0 0 0 1 
1 0 0 0 
0 1 0 0 
0 0 1 0 
0 0 0 1 
1 0 0 0 
0 1 0 0 
0 0 1 0 
0 0 0 1 
1 0 0 0 
0 1 0 0 
0 0 1 0 
0 0 0 1 
1 0 0 0 
0 1 0 0 
0 0 1 0 
0 0 0 1 
1 0 0 0 
0 1 0 0 
0 0 1 0 
0 0 0 1 
1 0 0 0 
0 1 0 0 
0 0 1 0 
0 0 0 1 
1 0 0 0 
0 1 0 0 
0 0 1 0 
0 0 0 1 
1 0 0 0 
0 1 0 0 
0 0 1 0 
0 0 0 1 
1 0 0 0 
0 1 0 0 
0 0 1 0 
0 0 0 1 
1 0 0 0 
0 1 0 0 
0 0 1 0 
0 0 0 1 
1 0 0 0 
0 1 0 0 
0 0 1 0 
0 0 0 1 
1 0 0 0 
0 1 0 0 
0 0 1 0 
0 0 0 1 
1 0 0 0 
0 1 0 0 
0 0 1 0 
0 0 0 1 
1 0 0 0 
0 1 0 0 
0 0 1 0 
0 0 0 1 
1 0 0 0 
0 1 0 0 
0 0 1 0 
0 0 0 1 
1 0 0 0 
0 1 0 0 
0 0 1 0 
0 0 0 1 
1 0 0 0 
0 1 0 0 
0 0 1 0 
0 0 0 1 
1 0 0 0 
0 1 0 0 
0 0 1 0 
0 0 0 1 
1 0 0 0 
0 1 0 0 
0 0 1 0 
0 0 0 1 
1 0 0 0 
0 1 0 0 
0 0 1 0 
0 0 0 1 
1 0 0 0 
0 1 0 0 
0 0 1 0 
0 0 0 1 
1 0 0 0 
0 1 0 0 
0 0 1 0 
0 0 0 1 
1 0 0 0 
0 1 0 0 
0 0 1 0 
0 0 0 1 
1 0 0 0 
0 1 0 0 
0 0 1 0 
0 0 0 1 
1 0 0 0 
0 1 0 0 
0 0 1 0 
0 0 0 1 
1 0 0 0 
0 1 0 0 
0 0 1 0 
0 0 0 1 
1 0 0 0 
0 1 0 0 
0 0 1 0 
0 0 0 1 
1 0 0 0 
0 1 0 0 
0 0 1 0 
0 0 0 1 
1 0 0 0 
0 1 0 0 
0 0 1 0 
0 0 0 1 
1 0 0 0 
0 1 0 0 
0 0 1 0 
0 0 0 1 
1 0 0 0 
0 1 0 0 
0 0 1 0 
0 0 0 1 
1 0 0 0 
0 1 0 0 
0 0 1 0 
0 0 0 1 
1 0 0 0 
0 1 0 0 
0 0 1 0 
0 0 0 1 
1 0 0 0 
0 1 0 0 
0 0 1 0 
0 0 0 1 
1 0 0 0 
0 1 0 0 
0 0 1 0 
0 0 0 1 
1 0 0 0 
0 1 0 0 
0 0 1 0 
0 0 0 1 
1 0 0 0 
0 1 0 0 
0 0 1 0 
0 0 0 1 
1 0 0 0 
0 1 0 0 
0 0 1 0 
0 0 0 1 
1 0 0 0 
0 1 0 0 
0 0 1 0 
0 0 0 1 
1 0 0 0 
0 1 0 0 
0 0 1 0 
0 0 0 1 
1 0 0 0 
0 1 0 0 
0 0 1 0 
0 0 0 1 
1 0 0 0 
0 1 0 0 
0 0 1 0 
0 0 0 1 
1 0 0 0 
0 1 0 0 
0 0 1 0 
0 0 0 1 
1 0 0 0 
0 1 0 0 
0 0 1 0 
0 0 0 1 
1 0 0 0 
0 1 0 0 
0 0 1 0 
0 0 0 1 
1 0 0 0 
0 1 0 0 
0 0 1 0 
0 0 0 1 
1 0 0 0 
0 1 0 0 
0 0 1 0 
0 0 0 1 
1 0 0 0 
0 1 0 0 
0 0 1 0 
0 0 0 1 
1 0 0 0 
0 1 0 0 
0 0 1 0 
0 0 0 1 
1 0 0 0 
0 1 0 0 
0 0 1 0 
0 0 0 1 
1 0 0 0 
0 1 0 0 
0 0 1 0 
0 0 0 1 
1 0 0 0 
0 1 0 0 
0 0 1 0 
0 0 0 1 
1 0 0 0 
0 1 0 0 
0 0 1 0 
0 0 0 1 
1 0 0 0 
0 1 0 0 
0 0 1 0 
0 0 0 1 
</float_array>
          <technique_common>
            <accessor count="63" offset="0" source="#Boy01_Brows_Geo_0_2-Matrix-animation-output-transform-array" stride="16">
              <param type="float4x4" />
            </accessor>
          </technique_common>
        </source>
        <source id="Boy01_Brows_Geo_0_2-Interpolations">
          <Name_array id="Boy01_Brows_Geo_0_2-Interpolations-array" count="63">LINEAR
LINEAR
LINEAR
LINEAR
LINEAR
LINEAR
LINEAR
LINEAR
LINEAR
LINEAR
LINEAR
LINEAR
LINEAR
LINEAR
LINEAR
LINEAR
LINEAR
LINEAR
LINEAR
LINEAR
LINEAR
LINEAR
LINEAR
LINEAR
LINEAR
LINEAR
LINEAR
LINEAR
LINEAR
LINEAR
LINEAR
LINEAR
LINEAR
LINEAR
LINEAR
LINEAR
LINEAR
LINEAR
LINEAR
LINEAR
LINEAR
LINEAR
LINEAR
LINEAR
LINEAR
LINEAR
LINEAR
LINEAR
LINEAR
LINEAR
LINEAR
LINEAR
LINEAR
LINEAR
LINEAR
LINEAR
LINEAR
LINEAR
LINEAR
LINEAR
LINEAR
LINEAR
LINEAR</Name_array>
          <technique_common>
            <accessor count="63" offset="0" source="#Boy01_Brows_Geo_0_2-Interpolations-array" stride="1">
              <param type="name" />
            </accessor>
          </technique_common>
        </source>
        <sampler id="Boy01_Brows_Geo_0_2-Matrix-animation-transform">
          <input semantic="INPUT" source="#Boy01_Brows_Geo_0_2-Matrix-animation-input" />
          <input semantic="OUTPUT" source="#Boy01_Brows_Geo_0_2-Matrix-animation-output-transform" />
          <input semantic="INTERPOLATION" source="#Boy01_Brows_Geo_0_2-Interpolations" />
        </sampler>
        <channel source="#Boy01_Brows_Geo_0_2-Matrix-animation-transform" target="Boy01_Brows_Geo/matrix" />
      </animation>
      <animation id="Boy01_Eyes_Geo_0_3-anim" name="Boy01_Eyes_Geo_0_3">
        <source id="Boy01_Eyes_Geo_0_3-Matrix-animation-input">
          <float_array id="Boy01_Eyes_Geo_0_3-Matrix-animation-input-array" count="63">0
0.01666667
0.03333334
0.05
0.06666667
0.08333334
0.1
0.1166667
0.1333333
0.15
0.1666667
0.1833333
0.2
0.2166667
0.2333333
0.25
0.2666667
0.2833334
0.3
0.3166667
0.3333334
0.3500001
0.3666668
0.3833334
0.4000001
0.4166668
0.4333335
0.4500002
0.4666668
0.4833335
0.5000002
0.5166668
0.5333335
0.5500001
0.5666668
0.5833334
0.6000001
0.6166667
0.6333334
0.65
0.6666667
0.6833333
0.7
0.7166666
0.7333333
0.7499999
0.7666666
0.7833332
0.7999999
0.8166665
0.8333332
0.8499998
0.8666665
0.8833331
0.8999998
0.9166664
0.9333331
0.9499997
0.9666664
0.9833331
0.9999997
1.016666
1.02773
</float_array>
          <technique_common>
            <accessor count="63" offset="0" source="#Boy01_Eyes_Geo_0_3-Matrix-animation-input-array" stride="1">
              <param name="TIME" type="float" />
            </accessor>
          </technique_common>
        </source>
        <source id="Boy01_Eyes_Geo_0_3-Matrix-animation-output-transform">
          <float_array id="Boy01_Eyes_Geo_0_3-Matrix-animation-output-transform-array" count="1008">1 0 0 0 
0 1 0 0 
0 0 1 0 
0 0 0 1 
1 0 0 0 
0 1 0 0 
0 0 1 0 
0 0 0 1 
1 0 0 0 
0 1 0 0 
0 0 1 0 
0 0 0 1 
1 0 0 0 
0 1 0 0 
0 0 1 0 
0 0 0 1 
1 0 0 0 
0 1 0 0 
0 0 1 0 
0 0 0 1 
1 0 0 0 
0 1 0 0 
0 0 1 0 
0 0 0 1 
1 0 0 0 
0 1 0 0 
0 0 1 0 
0 0 0 1 
1 0 0 0 
0 1 0 0 
0 0 1 0 
0 0 0 1 
1 0 0 0 
0 1 0 0 
0 0 1 0 
0 0 0 1 
1 0 0 0 
0 1 0 0 
0 0 1 0 
0 0 0 1 
1 0 0 0 
0 1 0 0 
0 0 1 0 
0 0 0 1 
1 0 0 0 
0 1 0 0 
0 0 1 0 
0 0 0 1 
1 0 0 0 
0 1 0 0 
0 0 1 0 
0 0 0 1 
1 0 0 0 
0 1 0 0 
0 0 1 0 
0 0 0 1 
1 0 0 0 
0 1 0 0 
0 0 1 0 
0 0 0 1 
1 0 0 0 
0 1 0 0 
0 0 1 0 
0 0 0 1 
1 0 0 0 
0 1 0 0 
0 0 1 0 
0 0 0 1 
1 0 0 0 
0 1 0 0 
0 0 1 0 
0 0 0 1 
1 0 0 0 
0 1 0 0 
0 0 1 0 
0 0 0 1 
1 0 0 0 
0 1 0 0 
0 0 1 0 
0 0 0 1 
1 0 0 0 
0 1 0 0 
0 0 1 0 
0 0 0 1 
1 0 0 0 
0 1 0 0 
0 0 1 0 
0 0 0 1 
1 0 0 0 
0 1 0 0 
0 0 1 0 
0 0 0 1 
1 0 0 0 
0 1 0 0 
0 0 1 0 
0 0 0 1 
1 0 0 0 
0 1 0 0 
0 0 1 0 
0 0 0 1 
1 0 0 0 
0 1 0 0 
0 0 1 0 
0 0 0 1 
1 0 0 0 
0 1 0 0 
0 0 1 0 
0 0 0 1 
1 0 0 0 
0 1 0 0 
0 0 1 0 
0 0 0 1 
1 0 0 0 
0 1 0 0 
0 0 1 0 
0 0 0 1 
1 0 0 0 
0 1 0 0 
0 0 1 0 
0 0 0 1 
1 0 0 0 
0 1 0 0 
0 0 1 0 
0 0 0 1 
1 0 0 0 
0 1 0 0 
0 0 1 0 
0 0 0 1 
1 0 0 0 
0 1 0 0 
0 0 1 0 
0 0 0 1 
1 0 0 0 
0 1 0 0 
0 0 1 0 
0 0 0 1 
1 0 0 0 
0 1 0 0 
0 0 1 0 
0 0 0 1 
1 0 0 0 
0 1 0 0 
0 0 1 0 
0 0 0 1 
1 0 0 0 
0 1 0 0 
0 0 1 0 
0 0 0 1 
1 0 0 0 
0 1 0 0 
0 0 1 0 
0 0 0 1 
1 0 0 0 
0 1 0 0 
0 0 1 0 
0 0 0 1 
1 0 0 0 
0 1 0 0 
0 0 1 0 
0 0 0 1 
1 0 0 0 
0 1 0 0 
0 0 1 0 
0 0 0 1 
1 0 0 0 
0 1 0 0 
0 0 1 0 
0 0 0 1 
1 0 0 0 
0 1 0 0 
0 0 1 0 
0 0 0 1 
1 0 0 0 
0 1 0 0 
0 0 1 0 
0 0 0 1 
1 0 0 0 
0 1 0 0 
0 0 1 0 
0 0 0 1 
1 0 0 0 
0 1 0 0 
0 0 1 0 
0 0 0 1 
1 0 0 0 
0 1 0 0 
0 0 1 0 
0 0 0 1 
1 0 0 0 
0 1 0 0 
0 0 1 0 
0 0 0 1 
1 0 0 0 
0 1 0 0 
0 0 1 0 
0 0 0 1 
1 0 0 0 
0 1 0 0 
0 0 1 0 
0 0 0 1 
1 0 0 0 
0 1 0 0 
0 0 1 0 
0 0 0 1 
1 0 0 0 
0 1 0 0 
0 0 1 0 
0 0 0 1 
1 0 0 0 
0 1 0 0 
0 0 1 0 
0 0 0 1 
1 0 0 0 
0 1 0 0 
0 0 1 0 
0 0 0 1 
1 0 0 0 
0 1 0 0 
0 0 1 0 
0 0 0 1 
1 0 0 0 
0 1 0 0 
0 0 1 0 
0 0 0 1 
1 0 0 0 
0 1 0 0 
0 0 1 0 
0 0 0 1 
1 0 0 0 
0 1 0 0 
0 0 1 0 
0 0 0 1 
1 0 0 0 
0 1 0 0 
0 0 1 0 
0 0 0 1 
1 0 0 0 
0 1 0 0 
0 0 1 0 
0 0 0 1 
1 0 0 0 
0 1 0 0 
0 0 1 0 
0 0 0 1 
1 0 0 0 
0 1 0 0 
0 0 1 0 
0 0 0 1 
1 0 0 0 
0 1 0 0 
0 0 1 0 
0 0 0 1 
</float_array>
          <technique_common>
            <accessor count="63" offset="0" source="#Boy01_Eyes_Geo_0_3-Matrix-animation-output-transform-array" stride="16">
              <param type="float4x4" />
            </accessor>
          </technique_common>
        </source>
        <source id="Boy01_Eyes_Geo_0_3-Interpolations">
          <Name_array id="Boy01_Eyes_Geo_0_3-Interpolations-array" count="63">LINEAR
LINEAR
LINEAR
LINEAR
LINEAR
LINEAR
LINEAR
LINEAR
LINEAR
LINEAR
LINEAR
LINEAR
LINEAR
LINEAR
LINEAR
LINEAR
LINEAR
LINEAR
LINEAR
LINEAR
LINEAR
LINEAR
LINEAR
LINEAR
LINEAR
LINEAR
LINEAR
LINEAR
LINEAR
LINEAR
LINEAR
LINEAR
LINEAR
LINEAR
LINEAR
LINEAR
LINEAR
LINEAR
LINEAR
LINEAR
LINEAR
LINEAR
LINEAR
LINEAR
LINEAR
LINEAR
LINEAR
LINEAR
LINEAR
LINEAR
LINEAR
LINEAR
LINEAR
LINEAR
LINEAR
LINEAR
LINEAR
LINEAR
LINEAR
LINEAR
LINEAR
LINEAR
LINEAR</Name_array>
          <technique_common>
            <accessor count="63" offset="0" source="#Boy01_Eyes_Geo_0_3-Interpolations-array" stride="1">
              <param type="name" />
            </accessor>
          </technique_common>
        </source>
        <sampler id="Boy01_Eyes_Geo_0_3-Matrix-animation-transform">
          <input semantic="INPUT" source="#Boy01_Eyes_Geo_0_3-Matrix-animation-input" />
          <input semantic="OUTPUT" source="#Boy01_Eyes_Geo_0_3-Matrix-animation-output-transform" />
          <input semantic="INTERPOLATION" source="#Boy01_Eyes_Geo_0_3-Interpolations" />
        </sampler>
        <channel source="#Boy01_Eyes_Geo_0_3-Matrix-animation-transform" target="Boy01_Eyes_Geo/matrix" />
      </animation>
      <animation id="h_Geo_0_4-anim" name="h_Geo_0_4">
        <source id="h_Geo_0_4-Matrix-animation-input">
          <float_array id="h_Geo_0_4-Matrix-animation-input-array" count="63">0
0.01666667
0.03333334
0.05
0.06666667
0.08333334
0.1
0.1166667
0.1333333
0.15
0.1666667
0.1833333
0.2
0.2166667
0.2333333
0.25
0.2666667
0.2833334
0.3
0.3166667
0.3333334
0.3500001
0.3666668
0.3833334
0.4000001
0.4166668
0.4333335
0.4500002
0.4666668
0.4833335
0.5000002
0.5166668
0.5333335
0.5500001
0.5666668
0.5833334
0.6000001
0.6166667
0.6333334
0.65
0.6666667
0.6833333
0.7
0.7166666
0.7333333
0.7499999
0.7666666
0.7833332
0.7999999
0.8166665
0.8333332
0.8499998
0.8666665
0.8833331
0.8999998
0.9166664
0.9333331
0.9499997
0.9666664
0.9833331
0.9999997
1.016666
1.02773
</float_array>
          <technique_common>
            <accessor count="63" offset="0" source="#h_Geo_0_4-Matrix-animation-input-array" stride="1">
              <param name="TIME" type="float" />
            </accessor>
          </technique_common>
        </source>
        <source id="h_Geo_0_4-Matrix-animation-output-transform">
          <float_array id="h_Geo_0_4-Matrix-animation-output-transform-array" count="1008">1 0 0 0 
0 1 0 0 
0 0 1 0 
0 0 0 1 
1 0 0 0 
0 1 0 0 
0 0 1 0 
0 0 0 1 
1 0 0 0 
0 1 0 0 
0 0 1 0 
0 0 0 1 
1 0 0 0 
0 1 0 0 
0 0 1 0 
0 0 0 1 
1 0 0 0 
0 1 0 0 
0 0 1 0 
0 0 0 1 
1 0 0 0 
0 1 0 0 
0 0 1 0 
0 0 0 1 
1 0 0 0 
0 1 0 0 
0 0 1 0 
0 0 0 1 
1 0 0 0 
0 1 0 0 
0 0 1 0 
0 0 0 1 
1 0 0 0 
0 1 0 0 
0 0 1 0 
0 0 0 1 
1 0 0 0 
0 1 0 0 
0 0 1 0 
0 0 0 1 
1 0 0 0 
0 1 0 0 
0 0 1 0 
0 0 0 1 
1 0 0 0 
0 1 0 0 
0 0 1 0 
0 0 0 1 
1 0 0 0 
0 1 0 0 
0 0 1 0 
0 0 0 1 
1 0 0 0 
0 1 0 0 
0 0 1 0 
0 0 0 1 
1 0 0 0 
0 1 0 0 
0 0 1 0 
0 0 0 1 
1 0 0 0 
0 1 0 0 
0 0 1 0 
0 0 0 1 
1 0 0 0 
0 1 0 0 
0 0 1 0 
0 0 0 1 
1 0 0 0 
0 1 0 0 
0 0 1 0 
0 0 0 1 
1 0 0 0 
0 1 0 0 
0 0 1 0 
0 0 0 1 
1 0 0 0 
0 1 0 0 
0 0 1 0 
0 0 0 1 
1 0 0 0 
0 1 0 0 
0 0 1 0 
0 0 0 1 
1 0 0 0 
0 1 0 0 
0 0 1 0 
0 0 0 1 
1 0 0 0 
0 1 0 0 
0 0 1 0 
0 0 0 1 
1 0 0 0 
0 1 0 0 
0 0 1 0 
0 0 0 1 
1 0 0 0 
0 1 0 0 
0 0 1 0 
0 0 0 1 
1 0 0 0 
0 1 0 0 
0 0 1 0 
0 0 0 1 
1 0 0 0 
0 1 0 0 
0 0 1 0 
0 0 0 1 
1 0 0 0 
0 1 0 0 
0 0 1 0 
0 0 0 1 
1 0 0 0 
0 1 0 0 
0 0 1 0 
0 0 0 1 
1 0 0 0 
0 1 0 0 
0 0 1 0 
0 0 0 1 
1 0 0 0 
0 1 0 0 
0 0 1 0 
0 0 0 1 
1 0 0 0 
0 1 0 0 
0 0 1 0 
0 0 0 1 
1 0 0 0 
0 1 0 0 
0 0 1 0 
0 0 0 1 
1 0 0 0 
0 1 0 0 
0 0 1 0 
0 0 0 1 
1 0 0 0 
0 1 0 0 
0 0 1 0 
0 0 0 1 
1 0 0 0 
0 1 0 0 
0 0 1 0 
0 0 0 1 
1 0 0 0 
0 1 0 0 
0 0 1 0 
0 0 0 1 
1 0 0 0 
0 1 0 0 
0 0 1 0 
0 0 0 1 
1 0 0 0 
0 1 0 0 
0 0 1 0 
0 0 0 1 
1 0 0 0 
0 1 0 0 
0 0 1 0 
0 0 0 1 
1 0 0 0 
0 1 0 0 
0 0 1 0 
0 0 0 1 
1 0 0 0 
0 1 0 0 
0 0 1 0 
0 0 0 1 
1 0 0 0 
0 1 0 0 
0 0 1 0 
0 0 0 1 
1 0 0 0 
0 1 0 0 
0 0 1 0 
0 0 0 1 
1 0 0 0 
0 1 0 0 
0 0 1 0 
0 0 0 1 
1 0 0 0 
0 1 0 0 
0 0 1 0 
0 0 0 1 
1 0 0 0 
0 1 0 0 
0 0 1 0 
0 0 0 1 
1 0 0 0 
0 1 0 0 
0 0 1 0 
0 0 0 1 
1 0 0 0 
0 1 0 0 
0 0 1 0 
0 0 0 1 
1 0 0 0 
0 1 0 0 
0 0 1 0 
0 0 0 1 
1 0 0 0 
0 1 0 0 
0 0 1 0 
0 0 0 1 
1 0 0 0 
0 1 0 0 
0 0 1 0 
0 0 0 1 
1 0 0 0 
0 1 0 0 
0 0 1 0 
0 0 0 1 
1 0 0 0 
0 1 0 0 
0 0 1 0 
0 0 0 1 
1 0 0 0 
0 1 0 0 
0 0 1 0 
0 0 0 1 
1 0 0 0 
0 1 0 0 
0 0 1 0 
0 0 0 1 
1 0 0 0 
0 1 0 0 
0 0 1 0 
0 0 0 1 
1 0 0 0 
0 1 0 0 
0 0 1 0 
0 0 0 1 
1 0 0 0 
0 1 0 0 
0 0 1 0 
0 0 0 1 
1 0 0 0 
0 1 0 0 
0 0 1 0 
0 0 0 1 
1 0 0 0 
0 1 0 0 
0 0 1 0 
0 0 0 1 
1 0 0 0 
0 1 0 0 
0 0 1 0 
0 0 0 1 
1 0 0 0 
0 1 0 0 
0 0 1 0 
0 0 0 1 
</float_array>
          <technique_common>
            <accessor count="63" offset="0" source="#h_Geo_0_4-Matrix-animation-output-transform-array" stride="16">
              <param type="float4x4" />
            </accessor>
          </technique_common>
        </source>
        <source id="h_Geo_0_4-Interpolations">
          <Name_array id="h_Geo_0_4-Interpolations-array" count="63">LINEAR
LINEAR
LINEAR
LINEAR
LINEAR
LINEAR
LINEAR
LINEAR
LINEAR
LINEAR
LINEAR
LINEAR
LINEAR
LINEAR
LINEAR
LINEAR
LINEAR
LINEAR
LINEAR
LINEAR
LINEAR
LINEAR
LINEAR
LINEAR
LINEAR
LINEAR
LINEAR
LINEAR
LINEAR
LINEAR
LINEAR
LINEAR
LINEAR
LINEAR
LINEAR
LINEAR
LINEAR
LINEAR
LINEAR
LINEAR
LINEAR
LINEAR
LINEAR
LINEAR
LINEAR
LINEAR
LINEAR
LINEAR
LINEAR
LINEAR
LINEAR
LINEAR
LINEAR
LINEAR
LINEAR
LINEAR
LINEAR
LINEAR
LINEAR
LINEAR
LINEAR
LINEAR
LINEAR</Name_array>
          <technique_common>
            <accessor count="63" offset="0" source="#h_Geo_0_4-Interpolations-array" stride="1">
              <param type="name" />
            </accessor>
          </technique_common>
        </source>
        <sampler id="h_Geo_0_4-Matrix-animation-transform">
          <input semantic="INPUT" source="#h_Geo_0_4-Matrix-animation-input" />
          <input semantic="OUTPUT" source="#h_Geo_0_4-Matrix-animation-output-transform" />
          <input semantic="INTERPOLATION" source="#h_Geo_0_4-Interpolations" />
        </sampler>
        <channel source="#h_Geo_0_4-Matrix-animation-transform" target="h_Geo/matrix" />
      </animation>
      <animation id="Hips_0_5-anim" name="Hips_0_5">
        <source id="Hips_0_5-Matrix-animation-input">
          <float_array id="Hips_0_5-Matrix-animation-input-array" count="63">0
0.01666667
0.03333334
0.05
0.06666667
0.08333334
0.1
0.1166667
0.1333333
0.15
0.1666667
0.1833333
0.2
0.2166667
0.2333333
0.25
0.2666667
0.2833334
0.3
0.3166667
0.3333334
0.3500001
0.3666668
0.3833334
0.4000001
0.4166668
0.4333335
0.4500002
0.4666668
0.4833335
0.5000002
0.5166668
0.5333335
0.5500001
0.5666668
0.5833334
0.6000001
0.6166667
0.6333334
0.65
0.6666667
0.6833333
0.7
0.7166666
0.7333333
0.7499999
0.7666666
0.7833332
0.7999999
0.8166665
0.8333332
0.8499998
0.8666665
0.8833331
0.8999998
0.9166664
0.9333331
0.9499997
0.9666664
0.9833331
0.9999997
1.016666
1.02773
</float_array>
          <technique_common>
            <accessor count="63" offset="0" source="#Hips_0_5-Matrix-animation-input-array" stride="1">
              <param name="TIME" type="float" />
            </accessor>
          </technique_common>
        </source>
        <source id="Hips_0_5-Matrix-animation-output-transform">
          <float_array id="Hips_0_5-Matrix-animation-output-transform-array" count="1008">0.9889424 0.07609136 -0.1272915 4.416815E-09 
-0.01931937 0.9171228 0.3981363 0.832392 
0.1470367 -0.3912747 0.9084516 0.004143002 
0 0 0 1 
0.9889424 0.07609136 -0.1272915 4.416815E-09 
-0.01931937 0.9171228 0.3981363 0.832392 
0.1470367 -0.3912747 0.9084516 0.004143002 
0 0 0 1 
0.9889405 0.07609611 -0.1273027 4.416815E-09 
-0.01931735 0.9171176 0.3981484 0.832392 
0.1470491 -0.391286 0.9084448 0.004143002 
0 0 0 1 
0.9889331 0.07611415 -0.1273496 4.416815E-09 
-0.01930799 0.9170981 0.3981937 0.832392 
0.1471003 -0.3913281 0.9084183 0.004143002 
0 0 0 1 
0.9889257 0.07613328 -0.1273959 4.416815E-09 
-0.01929941 0.9170772 0.3982421 0.832392 
0.1471514 -0.3913732 0.9083906 0.004143002 
0 0 0 1 
0.9889182 0.07615852 -0.1274385 4.416815E-09 
-0.01929519 0.917049 0.3983075 0.832392 
0.1472019 -0.3914346 0.908356 0.004143002 
0 0 0 1 
0.9889107 0.07619448 -0.1274757 4.416815E-09 
-0.01929844 0.917008 0.3984016 0.832392 
0.1472522 -0.3915236 0.9083095 0.004143002 
0 0 0 1 
0.988905 0.07622323 -0.1275024 4.416815E-09 
-0.0192995 0.916968 0.3984938 0.832392 
0.1472901 -0.3916118 0.9082653 0.004143002 
0 0 0 1 
0.9889003 0.07624404 -0.127527 4.416815E-09 
-0.01929631 0.9169342 0.3985717 0.832392 
0.1473226 -0.3916868 0.9082277 0.004143002 
0 0 0 1 
0.988892 0.0762485 -0.1275885 4.416815E-09 
-0.01926865 0.9169155 0.398616 0.832392 
0.1473818 -0.3917297 0.9081996 0.004143002 
0 0 0 1 
0.9888861 0.0762559 -0.1276301 4.416815E-09 
-0.01925263 0.9168991 0.3986544 0.832392 
0.1474237 -0.3917666 0.9081768 0.004143002 
0 0 0 1 
0.9888934 0.07630002 -0.1275472 4.416815E-09 
-0.01931545 0.9168676 0.3987239 0.832392 
0.1473665 -0.3918317 0.9081581 0.004143002 
0 0 0 1 
0.988916 0.0763853 -0.1273209 4.416815E-09 
-0.01946867 0.9168205 0.3988249 0.832392 
0.1471947 -0.3919255 0.9081454 0.004143002 
0 0 0 1 
0.9889235 0.07642604 -0.127237 4.416815E-09 
-0.0195311 0.9167952 0.3988798 0.832392 
0.147135 -0.3919766 0.908133 0.004143002 
0 0 0 1 
0.9889274 0.0764527 -0.1271918 4.416815E-09 
-0.01956805 0.9167787 0.398916 0.832392 
0.1471049 -0.39201 0.9081235 0.004143002 
0 0 0 1 
0.9889309 0.07647254 -0.1271515 4.416815E-09 
-0.01959894 0.9167683 0.3989382 0.832392 
0.1470763 -0.3920303 0.9081194 0.004143002 
0 0 0 1 
0.988934 0.07648981 -0.1271174 4.416815E-09 
-0.01962592 0.9167605 0.3989549 0.832392 
0.1470522 -0.3920453 0.9081168 0.004143002 
0 0 0 1 
0.9889377 0.07651789 -0.1270714 4.416815E-09 
-0.0196655 0.9167467 0.3989847 0.832392 
0.1470218 -0.3920721 0.9081101 0.004143002 
0 0 0 1 
0.9889418 0.07656682 -0.12701 4.416815E-09 
-0.01972631 0.9167207 0.3990412 0.832392 
0.146986 -0.3921231 0.9080939 0.004143002 
0 0 0 1 
0.9889549 0.07661361 -0.12688 4.416815E-09 
-0.01981508 0.916701 0.3990823 0.832392 
0.1468861 -0.3921603 0.908094 0.004143002 
0 0 0 1 
0.9889743 0.0766584 -0.1267023 4.416815E-09 
-0.01992282 0.9166855 0.3991125 0.832392 
0.1467415 -0.3921877 0.9081056 0.004143002 
0 0 0 1 
0.9889958 0.07670557 -0.1265052 4.416815E-09 
-0.02003922 0.9166662 0.3991511 0.832392 
0.1465802 -0.3922236 0.9081161 0.004143002 
0 0 0 1 
0.9890196 0.07675035 -0.1262916 4.416815E-09 
-0.02015915 0.9166443 0.3991951 0.832392 
0.1464028 -0.3922659 0.9081265 0.004143002 
0 0 0 1 
0.9890395 0.0767473 -0.1261374 4.416815E-09 
-0.02021857 0.9166445 0.3991919 0.832392 
0.14626 -0.3922663 0.9081493 0.004143002 
0 0 0 1 
0.9890554 0.07673865 -0.1260184 4.416815E-09 
-0.02025902 0.9166459 0.3991866 0.832392 
0.1461473 -0.3922646 0.9081682 0.004143002 
0 0 0 1 
0.9890661 0.0767483 -0.1259284 4.416815E-09 
-0.02030138 0.9166378 0.3992029 0.832392 
0.1460689 -0.3922815 0.9081735 0.004143002 
0 0 0 1 
0.9890744 0.07676214 -0.1258548 4.416815E-09 
-0.02033973 0.9166263 0.3992274 0.832392 
0.1460074 -0.3923057 0.908173 0.004143002 
0 0 0 1 
0.9890827 0.07677177 -0.1257838 4.416815E-09 
-0.02037269 0.9166136 0.3992548 0.832392 
0.1459466 -0.3923334 0.9081708 0.004143002 
0 0 0 1 
0.9890889 0.07678317 -0.1257278 4.416815E-09 
-0.02040006 0.9165978 0.3992897 0.832392 
0.1459006 -0.3923681 0.9081631 0.004143002 
0 0 0 1 
0.9890917 0.07680196 -0.1256944 4.416815E-09 
-0.02042451 0.9165801 0.399329 0.832392 
0.1458783 -0.3924057 0.9081504 0.004143002 
0 0 0 1 
0.9890927 0.07682526 -0.125672 4.416815E-09 
-0.02044765 0.9165594 0.3993754 0.832392 
0.1458679 -0.3924497 0.9081331 0.004143002 
0 0 0 1 
0.9890932 0.07685454 -0.1256502 4.416815E-09 
-0.02047303 0.9165304 0.3994406 0.832392 
0.145861 -0.3925116 0.9081075 0.004143002 
0 0 0 1 
0.9890929 0.07688914 -0.1256316 4.416815E-09 
-0.02049891 0.9164929 0.3995254 0.832392 
0.1458597 -0.3925925 0.9080728 0.004143002 
0 0 0 1 
0.9890945 0.07690492 -0.1256096 4.416815E-09 
-0.02051448 0.9164712 0.3995745 0.832392 
0.1458468 -0.3926401 0.9080542 0.004143002 
0 0 0 1 
0.9890937 0.07692035 -0.1256061 4.416815E-09 
-0.02052087 0.9164458 0.3996324 0.832392 
0.1458511 -0.3926963 0.9080293 0.004143002 
0 0 0 1 
0.9890877 0.07694203 -0.1256402 4.416815E-09 
-0.02051527 0.9164132 0.3997073 0.832392 
0.1458926 -0.392768 0.9079915 0.004143002 
0 0 0 1 
0.9890813 0.07696574 -0.1256763 4.416815E-09 
-0.02050776 0.9163727 0.3998006 0.832392 
0.1459373 -0.392858 0.9079455 0.004143002 
0 0 0 1 
0.9890804 0.07699141 -0.1256677 4.416815E-09 
-0.02051292 0.9163127 0.3999379 0.832392 
0.1459427 -0.3929929 0.9078861 0.004143002 
0 0 0 1 
0.9890846 0.07701308 -0.1256209 4.416815E-09 
-0.02052563 0.9162414 0.4001004 0.832392 
0.1459121 -0.3931547 0.9078211 0.004143002 
0 0 0 1 
0.9890876 0.07701281 -0.1255981 4.416815E-09 
-0.02052307 0.9162104 0.4001717 0.832392 
0.1458927 -0.3932272 0.9077928 0.004143002 
0 0 0 1 
0.9890909 0.07700314 -0.1255779 4.416815E-09 
-0.02051398 0.9161882 0.400223 0.832392 
0.1458714 -0.3932807 0.907773 0.004143002 
0 0 0 1 
0.9890967 0.07699021 -0.1255397 4.416815E-09 
-0.02050193 0.9161465 0.4003189 0.832392 
0.1458334 -0.3933803 0.9077359 0.004143002 
0 0 0 1 
0.9891016 0.07697286 -0.1255123 4.416815E-09 
-0.02048002 0.9161012 0.4004239 0.832392 
0.1458037 -0.3934894 0.9076934 0.004143002 
0 0 0 1 
0.9891006 0.07695451 -0.1255313 4.416815E-09 
-0.02044299 0.9160683 0.400501 0.832392 
0.1458156 -0.3935695 0.9076568 0.004143002 
0 0 0 1 
0.9891001 0.07693711 -0.1255459 4.416815E-09 
-0.02041115 0.9160421 0.4005623 0.832392 
0.1458234 -0.3936337 0.9076277 0.004143002 
0 0 0 1 
0.9891016 0.07692406 -0.1255418 4.416815E-09 
-0.02039369 0.9160234 0.4006061 0.832392 
0.1458155 -0.3936799 0.9076089 0.004143002 
0 0 0 1 
0.9891021 0.07690506 -0.1255498 4.416815E-09 
-0.02036562 0.9160042 0.4006513 0.832392 
0.1458162 -0.3937281 0.9075879 0.004143002 
0 0 0 1 
0.989098 0.07686486 -0.1256067 4.416815E-09 
-0.02029398 0.9159744 0.4007231 0.832392 
0.1458541 -0.3938053 0.9075483 0.004143002 
0 0 0 1 
0.9890922 0.0768183 -0.1256805 4.416815E-09 
-0.02020984 0.9159453 0.4007939 0.832392 
0.1459047 -0.3938822 0.9075068 0.004143002 
0 0 0 1 
0.9890885 0.07678806 -0.125728 4.416815E-09 
-0.02015638 0.9159293 0.4008333 0.832392 
0.1459372 -0.3939254 0.9074829 0.004143002 
0 0 0 1 
0.9890853 0.07675027 -0.1257759 4.416815E-09 
-0.02009614 0.9159142 0.4008706 0.832392 
0.1459669 -0.3939676 0.9074597 0.004143002 
0 0 0 1 
0.9890824 0.07668731 -0.1258375 4.416815E-09 
-0.02000506 0.9158944 0.4009204 0.832392 
0.1459994 -0.3940259 0.9074292 0.004143002 
0 0 0 1 
0.9890799 0.07661723 -0.1258999 4.416815E-09 
-0.01990647 0.9158732 0.4009739 0.832392 
0.1460299 -0.394089 0.9073969 0.004143002 
0 0 0 1 
0.989078 0.07654519 -0.1259588 4.416815E-09 
-0.01980683 0.9158502 0.4010313 0.832392 
0.1460564 -0.3941564 0.9073634 0.004143002 
0 0 0 1 
0.9890762 0.07649623 -0.1260022 4.416815E-09 
-0.0197367 0.9158317 0.4010769 0.832392 
0.1460776 -0.3942088 0.9073372 0.004143002 
0 0 0 1 
0.989075 0.07647214 -0.1260262 4.416815E-09 
-0.01969949 0.9158183 0.4011095 0.832392 
0.1460908 -0.3942447 0.9073194 0.004143002 
0 0 0 1 
0.989072 0.07644636 -0.126066 4.416815E-09 
-0.0196542 0.9158046 0.401143 0.832392 
0.1461178 -0.3942816 0.9072991 0.004143002 
0 0 0 1 
0.9890647 0.07639916 -0.1261519 4.416815E-09 
-0.01956908 0.9157877 0.4011858 0.832392 
0.1461786 -0.39433 0.9072683 0.004143002 
0 0 0 1 
0.9890552 0.0763556 -0.1262526 4.416815E-09 
-0.01948081 0.9157695 0.4012316 0.832392 
0.1462545 -0.3943807 0.907234 0.004143002 
0 0 0 1 
0.9890464 0.07633454 -0.1263342 4.416815E-09 
-0.01942196 0.915753 0.401272 0.832392 
0.1463218 -0.3944229 0.9072047 0.004143002 
0 0 0 1 
0.9890355 0.07631867 -0.1264284 4.416815E-09 
-0.01936167 0.9157335 0.4013194 0.832392 
0.1464029 -0.3944713 0.9071707 0.004143002 
0 0 0 1 
