<?xml version="1.0" encoding="utf-8"?>
<COLLADA xmlns:xsi="http://www.w3.org/2001/XMLSchema-instance" xmlns:xsd="http://www.w3.org/2001/XMLSchema" version="1.4.1" xmlns="http://www.collada.org/2005/11/COLLADASchema">
  <asset>
    <created>2017-04-20T00:13:06.7007401+08:00</created>
    <modified>2017-04-20T00:13:06.7007401+08:00</modified>
    <unit meter="1" name="meter" />
    <up_axis>Y_UP</up_axis>
    <contributor>
      <authoring_tool>Skele: Character Animation Tools</authoring_tool>
      <comments>https://www.assetstore.unity3d.com/en/#!/content/16899</comments>
    </contributor>
    <revision>1.0</revision>
  </asset>
  <library_animation_clips>
    <animation_clip name="home-1" start="0" end="0.24700920283794403">
      <instance_animation url="home-1_0" />
    </animation_clip>
  </library_animation_clips>
  <library_animations>
    <animation id="home-1_0" name="home-1">
      <animation id="_0_0-anim" name="_0_0">
        <source id="_0_0-Matrix-animation-input">
          <float_array id="_0_0-Matrix-animation-input-array" count="16">0
0.01666667
0.03333334
0.05
0.06666667
0.08333334
0.1
0.1166667
0.1333333
0.15
0.1666667
0.1833333
0.2
0.2166667
0.2333333
0.2470092
</float_array>
          <technique_common>
            <accessor count="16" offset="0" source="#_0_0-Matrix-animation-input-array" stride="1">
              <param name="TIME" type="float" />
            </accessor>
          </technique_common>
        </source>
        <source id="_0_0-Matrix-animation-output-transform">
          <float_array id="_0_0-Matrix-animation-output-transform-array" count="256">-3.265421 0 -0.4351119 0.5092431 
0 3.294281 0 -3.4536 
0.4351119 0 -3.265421 0.2745262 
0 0 0 1 
-3.265421 0 -0.4351119 0.5092431 
0 3.294281 0 -3.4536 
0.4351119 0 -3.265421 0.2745262 
0 0 0 1 
-3.265421 0 -0.4351119 0.5092431 
0 3.294281 0 -3.4536 
0.4351119 0 -3.265421 0.2745262 
0 0 0 1 
-3.265421 0 -0.4351119 0.5092431 
0 3.294281 0 -3.4536 
0.4351119 0 -3.265421 0.2745262 
0 0 0 1 
-3.265421 0 -0.4351119 0.5092431 
0 3.294281 0 -3.4536 
0.4351119 0 -3.265421 0.2745262 
0 0 0 1 
-3.265421 0 -0.4351119 0.5092431 
0 3.294281 0 -3.4536 
0.4351119 0 -3.265421 0.2745262 
0 0 0 1 
-3.265421 0 -0.4351119 0.5092431 
0 3.294281 0 -3.4536 
0.4351119 0 -3.265421 0.2745262 
0 0 0 1 
-3.265421 0 -0.4351119 0.5092431 
0 3.294281 0 -3.4536 
0.4351119 0 -3.265421 0.2745262 
0 0 0 1 
-3.265421 0 -0.4351119 0.5092431 
0 3.294281 0 -3.4536 
0.4351119 0 -3.265421 0.2745262 
0 0 0 1 
-3.265421 0 -0.4351119 0.5092431 
0 3.294281 0 -3.4536 
0.4351119 0 -3.265421 0.2745262 
0 0 0 1 
-3.265421 0 -0.4351119 0.5092431 
0 3.294281 0 -3.4536 
0.4351119 0 -3.265421 0.2745262 
0 0 0 1 
-3.265421 0 -0.4351119 0.5092431 
0 3.294281 0 -3.4536 
0.4351119 0 -3.265421 0.2745262 
0 0 0 1 
-3.265421 0 -0.4351119 0.5092431 
0 3.294281 0 -3.4536 
0.4351119 0 -3.265421 0.2745262 
0 0 0 1 
-3.265421 0 -0.4351119 0.5092431 
0 3.294281 0 -3.4536 
0.4351119 0 -3.265421 0.2745262 
0 0 0 1 
-3.265421 0 -0.4351119 0.5092431 
0 3.294281 0 -3.4536 
0.4351119 0 -3.265421 0.2745262 
0 0 0 1 
-3.265421 0 -0.4351119 0.5092431 
0 3.294281 0 -3.4536 
0.4351119 0 -3.265421 0.2745262 
0 0 0 1 
</float_array>
          <technique_common>
            <accessor count="16" offset="0" source="#_0_0-Matrix-animation-output-transform-array" stride="16">
              <param type="float4x4" />
            </accessor>
          </technique_common>
        </source>
        <source id="_0_0-Interpolations">
          <Name_array id="_0_0-Interpolations-array" count="16">LINEAR
LINEAR
LINEAR
LINEAR
LINEAR
LINEAR
LINEAR
LINEAR
LINEAR
LINEAR
LINEAR
LINEAR
LINEAR
LINEAR
LINEAR
LINEAR</Name_array>
          <technique_common>
            <accessor count="16" offset="0" source="#_0_0-Interpolations-array" stride="1">
              <param type="name" />
            </accessor>
          </technique_common>
        </source>
        <sampler id="_0_0-Matrix-animation-transform">
          <input semantic="INPUT" source="#_0_0-Matrix-animation-input" />
          <input semantic="OUTPUT" source="#_0_0-Matrix-animation-output-transform" />
          <input semantic="INTERPOLATION" source="#_0_0-Interpolations" />
        </sampler>
        <channel source="#_0_0-Matrix-animation-transform" target="/matrix" />
      </animation>
      <animation id="Boy01_Body_Geo_0_1-anim" name="Boy01_Body_Geo_0_1">
        <source id="Boy01_Body_Geo_0_1-Matrix-animation-input">
          <float_array id="Boy01_Body_Geo_0_1-Matrix-animation-input-array" count="16">0
0.01666667
0.03333334
0.05
0.06666667
0.08333334
0.1
0.1166667
0.1333333
0.15
0.1666667
0.1833333
0.2
0.2166667
0.2333333
0.2470092
</float_array>
          <technique_common>
            <accessor count="16" offset="0" source="#Boy01_Body_Geo_0_1-Matrix-animation-input-array" stride="1">
              <param name="TIME" type="float" />
            </accessor>
          </technique_common>
        </source>
        <source id="Boy01_Body_Geo_0_1-Matrix-animation-output-transform">
          <float_array id="Boy01_Body_Geo_0_1-Matrix-animation-output-transform-array" count="256">1 0 0 0 
0 1 0 0 
0 0 1 0 
0 0 0 1 
1 0 0 0 
0 1 0 0 
0 0 1 0 
0 0 0 1 
1 0 0 0 
0 1 0 0 
0 0 1 0 
0 0 0 1 
1 0 0 0 
0 1 0 0 
0 0 1 0 
0 0 0 1 
1 0 0 0 
0 1 0 0 
0 0 1 0 
0 0 0 1 
1 0 0 0 
0 1 0 0 
0 0 1 0 
0 0 0 1 
1 0 0 0 
0 1 0 0 
0 0 1 0 
0 0 0 1 
1 0 0 0 
0 1 0 0 
0 0 1 0 
0 0 0 1 
1 0 0 0 
0 1 0 0 
0 0 1 0 
0 0 0 1 
1 0 0 0 
0 1 0 0 
0 0 1 0 
0 0 0 1 
1 0 0 0 
0 1 0 0 
0 0 1 0 
0 0 0 1 
1 0 0 0 
0 1 0 0 
0 0 1 0 
0 0 0 1 
1 0 0 0 
0 1 0 0 
0 0 1 0 
0 0 0 1 
1 0 0 0 
0 1 0 0 
0 0 1 0 
0 0 0 1 
1 0 0 0 
0 1 0 0 
0 0 1 0 
0 0 0 1 
1 0 0 0 
0 1 0 0 
0 0 1 0 
0 0 0 1 
</float_array>
          <technique_common>
            <accessor count="16" offset="0" source="#Boy01_Body_Geo_0_1-Matrix-animation-output-transform-array" stride="16">
              <param type="float4x4" />
            </accessor>
          </technique_common>
        </source>
        <source id="Boy01_Body_Geo_0_1-Interpolations">
          <Name_array id="Boy01_Body_Geo_0_1-Interpolations-array" count="16">LINEAR
LINEAR
LINEAR
LINEAR
LINEAR
LINEAR
LINEAR
LINEAR
LINEAR
LINEAR
LINEAR
LINEAR
LINEAR
LINEAR
LINEAR
LINEAR</Name_array>
          <technique_common>
            <accessor count="16" offset="0" source="#Boy01_Body_Geo_0_1-Interpolations-array" stride="1">
              <param type="name" />
            </accessor>
          </technique_common>
        </source>
        <sampler id="Boy01_Body_Geo_0_1-Matrix-animation-transform">
          <input semantic="INPUT" source="#Boy01_Body_Geo_0_1-Matrix-animation-input" />
          <input semantic="OUTPUT" source="#Boy01_Body_Geo_0_1-Matrix-animation-output-transform" />
          <input semantic="INTERPOLATION" source="#Boy01_Body_Geo_0_1-Interpolations" />
        </sampler>
        <channel source="#Boy01_Body_Geo_0_1-Matrix-animation-transform" target="Boy01_Body_Geo/matrix" />
      </animation>
      <animation id="Boy01_Brows_Geo_0_2-anim" name="Boy01_Brows_Geo_0_2">
        <source id="Boy01_Brows_Geo_0_2-Matrix-animation-input">
          <float_array id="Boy01_Brows_Geo_0_2-Matrix-animation-input-array" count="16">0
0.01666667
0.03333334
0.05
0.06666667
0.08333334
0.1
0.1166667
0.1333333
0.15
0.1666667
0.1833333
0.2
0.2166667
0.2333333
0.2470092
</float_array>
          <technique_common>
            <accessor count="16" offset="0" source="#Boy01_Brows_Geo_0_2-Matrix-animation-input-array" stride="1">
              <param name="TIME" type="float" />
            </accessor>
          </technique_common>
        </source>
        <source id="Boy01_Brows_Geo_0_2-Matrix-animation-output-transform">
          <float_array id="Boy01_Brows_Geo_0_2-Matrix-animation-output-transform-array" count="256">1 0 0 0 
0 1 0 0 
0 0 1 0 
0 0 0 1 
1 0 0 0 
0 1 0 0 
0 0 1 0 
0 0 0 1 
1 0 0 0 
0 1 0 0 
0 0 1 0 
0 0 0 1 
1 0 0 0 
0 1 0 0 
0 0 1 0 
0 0 0 1 
1 0 0 0 
0 1 0 0 
0 0 1 0 
0 0 0 1 
1 0 0 0 
0 1 0 0 
0 0 1 0 
0 0 0 1 
1 0 0 0 
0 1 0 0 
0 0 1 0 
0 0 0 1 
1 0 0 0 
0 1 0 0 
0 0 1 0 
0 0 0 1 
1 0 0 0 
0 1 0 0 
0 0 1 0 
0 0 0 1 
1 0 0 0 
0 1 0 0 
0 0 1 0 
0 0 0 1 
1 0 0 0 
0 1 0 0 
0 0 1 0 
0 0 0 1 
1 0 0 0 
0 1 0 0 
0 0 1 0 
0 0 0 1 
1 0 0 0 
0 1 0 0 
0 0 1 0 
0 0 0 1 
1 0 0 0 
0 1 0 0 
0 0 1 0 
0 0 0 1 
1 0 0 0 
0 1 0 0 
0 0 1 0 
0 0 0 1 
1 0 0 0 
0 1 0 0 
0 0 1 0 
0 0 0 1 
</float_array>
          <technique_common>
            <accessor count="16" offset="0" source="#Boy01_Brows_Geo_0_2-Matrix-animation-output-transform-array" stride="16">
              <param type="float4x4" />
            </accessor>
          </technique_common>
        </source>
        <source id="Boy01_Brows_Geo_0_2-Interpolations">
          <Name_array id="Boy01_Brows_Geo_0_2-Interpolations-array" count="16">LINEAR
LINEAR
LINEAR
LINEAR
LINEAR
LINEAR
LINEAR
LINEAR
LINEAR
LINEAR
LINEAR
LINEAR
LINEAR
LINEAR
LINEAR
LINEAR</Name_array>
          <technique_common>
            <accessor count="16" offset="0" source="#Boy01_Brows_Geo_0_2-Interpolations-array" stride="1">
              <param type="name" />
            </accessor>
          </technique_common>
        </source>
        <sampler id="Boy01_Brows_Geo_0_2-Matrix-animation-transform">
          <input semantic="INPUT" source="#Boy01_Brows_Geo_0_2-Matrix-animation-input" />
          <input semantic="OUTPUT" source="#Boy01_Brows_Geo_0_2-Matrix-animation-output-transform" />
          <input semantic="INTERPOLATION" source="#Boy01_Brows_Geo_0_2-Interpolations" />
        </sampler>
        <channel source="#Boy01_Brows_Geo_0_2-Matrix-animation-transform" target="Boy01_Brows_Geo/matrix" />
      </animation>
      <animation id="Boy01_Eyes_Geo_0_3-anim" name="Boy01_Eyes_Geo_0_3">
        <source id="Boy01_Eyes_Geo_0_3-Matrix-animation-input">
          <float_array id="Boy01_Eyes_Geo_0_3-Matrix-animation-input-array" count="16">0
0.01666667
0.03333334
0.05
0.06666667
0.08333334
0.1
0.1166667
0.1333333
0.15
0.1666667
0.1833333
0.2
0.2166667
0.2333333
0.2470092
</float_array>
          <technique_common>
            <accessor count="16" offset="0" source="#Boy01_Eyes_Geo_0_3-Matrix-animation-input-array" stride="1">
              <param name="TIME" type="float" />
            </accessor>
          </technique_common>
        </source>
        <source id="Boy01_Eyes_Geo_0_3-Matrix-animation-output-transform">
          <float_array id="Boy01_Eyes_Geo_0_3-Matrix-animation-output-transform-array" count="256">1 0 0 0 
0 1 0 0 
0 0 1 0 
0 0 0 1 
1 0 0 0 
0 1 0 0 
0 0 1 0 
0 0 0 1 
1 0 0 0 
0 1 0 0 
0 0 1 0 
0 0 0 1 
1 0 0 0 
0 1 0 0 
0 0 1 0 
0 0 0 1 
1 0 0 0 
0 1 0 0 
0 0 1 0 
0 0 0 1 
1 0 0 0 
0 1 0 0 
0 0 1 0 
0 0 0 1 
1 0 0 0 
0 1 0 0 
0 0 1 0 
0 0 0 1 
1 0 0 0 
0 1 0 0 
0 0 1 0 
0 0 0 1 
1 0 0 0 
0 1 0 0 
0 0 1 0 
0 0 0 1 
1 0 0 0 
0 1 0 0 
0 0 1 0 
0 0 0 1 
1 0 0 0 
0 1 0 0 
0 0 1 0 
0 0 0 1 
1 0 0 0 
0 1 0 0 
0 0 1 0 
0 0 0 1 
1 0 0 0 
0 1 0 0 
0 0 1 0 
0 0 0 1 
1 0 0 0 
0 1 0 0 
0 0 1 0 
0 0 0 1 
1 0 0 0 
0 1 0 0 
0 0 1 0 
0 0 0 1 
1 0 0 0 
0 1 0 0 
0 0 1 0 
0 0 0 1 
</float_array>
          <technique_common>
            <accessor count="16" offset="0" source="#Boy01_Eyes_Geo_0_3-Matrix-animation-output-transform-array" stride="16">
              <param type="float4x4" />
            </accessor>
          </technique_common>
        </source>
        <source id="Boy01_Eyes_Geo_0_3-Interpolations">
          <Name_array id="Boy01_Eyes_Geo_0_3-Interpolations-array" count="16">LINEAR
LINEAR
LINEAR
LINEAR
LINEAR
LINEAR
LINEAR
LINEAR
LINEAR
LINEAR
LINEAR
LINEAR
LINEAR
LINEAR
LINEAR
LINEAR</Name_array>
          <technique_common>
            <accessor count="16" offset="0" source="#Boy01_Eyes_Geo_0_3-Interpolations-array" stride="1">
              <param type="name" />
            </accessor>
          </technique_common>
        </source>
        <sampler id="Boy01_Eyes_Geo_0_3-Matrix-animation-transform">
          <input semantic="INPUT" source="#Boy01_Eyes_Geo_0_3-Matrix-animation-input" />
          <input semantic="OUTPUT" source="#Boy01_Eyes_Geo_0_3-Matrix-animation-output-transform" />
          <input semantic="INTERPOLATION" source="#Boy01_Eyes_Geo_0_3-Interpolations" />
        </sampler>
        <channel source="#Boy01_Eyes_Geo_0_3-Matrix-animation-transform" target="Boy01_Eyes_Geo/matrix" />
      </animation>
      <animation id="h_Geo_0_4-anim" name="h_Geo_0_4">
        <source id="h_Geo_0_4-Matrix-animation-input">
          <float_array id="h_Geo_0_4-Matrix-animation-input-array" count="16">0
0.01666667
0.03333334
0.05
0.06666667
0.08333334
0.1
0.1166667
0.1333333
0.15
0.1666667
0.1833333
0.2
0.2166667
0.2333333
0.2470092
</float_array>
          <technique_common>
            <accessor count="16" offset="0" source="#h_Geo_0_4-Matrix-animation-input-array" stride="1">
              <param name="TIME" type="float" />
            </accessor>
          </technique_common>
        </source>
        <source id="h_Geo_0_4-Matrix-animation-output-transform">
          <float_array id="h_Geo_0_4-Matrix-animation-output-transform-array" count="256">1 0 0 0 
0 1 0 0 
0 0 1 0 
0 0 0 1 
1 0 0 0 
0 1 0 0 
0 0 1 0 
0 0 0 1 
1 0 0 0 
0 1 0 0 
0 0 1 0 
0 0 0 1 
1 0 0 0 
0 1 0 0 
0 0 1 0 
0 0 0 1 
1 0 0 0 
0 1 0 0 
0 0 1 0 
0 0 0 1 
1 0 0 0 
0 1 0 0 
0 0 1 0 
0 0 0 1 
1 0 0 0 
0 1 0 0 
0 0 1 0 
0 0 0 1 
1 0 0 0 
0 1 0 0 
0 0 1 0 
0 0 0 1 
1 0 0 0 
0 1 0 0 
0 0 1 0 
0 0 0 1 
1 0 0 0 
0 1 0 0 
0 0 1 0 
0 0 0 1 
1 0 0 0 
0 1 0 0 
0 0 1 0 
0 0 0 1 
1 0 0 0 
0 1 0 0 
0 0 1 0 
0 0 0 1 
1 0 0 0 
0 1 0 0 
0 0 1 0 
0 0 0 1 
1 0 0 0 
0 1 0 0 
0 0 1 0 
0 0 0 1 
1 0 0 0 
0 1 0 0 
0 0 1 0 
0 0 0 1 
1 0 0 0 
0 1 0 0 
0 0 1 0 
0 0 0 1 
</float_array>
          <technique_common>
            <accessor count="16" offset="0" source="#h_Geo_0_4-Matrix-animation-output-transform-array" stride="16">
              <param type="float4x4" />
            </accessor>
          </technique_common>
        </source>
        <source id="h_Geo_0_4-Interpolations">
          <Name_array id="h_Geo_0_4-Interpolations-array" count="16">LINEAR
LINEAR
LINEAR
LINEAR
LINEAR
LINEAR
LINEAR
LINEAR
LINEAR
LINEAR
LINEAR
LINEAR
LINEAR
LINEAR
LINEAR
LINEAR</Name_array>
          <technique_common>
            <accessor count="16" offset="0" source="#h_Geo_0_4-Interpolations-array" stride="1">
              <param type="name" />
            </accessor>
          </technique_common>
        </source>
        <sampler id="h_Geo_0_4-Matrix-animation-transform">
          <input semantic="INPUT" source="#h_Geo_0_4-Matrix-animation-input" />
          <input semantic="OUTPUT" source="#h_Geo_0_4-Matrix-animation-output-transform" />
          <input semantic="INTERPOLATION" source="#h_Geo_0_4-Interpolations" />
        </sampler>
        <channel source="#h_Geo_0_4-Matrix-animation-transform" target="h_Geo/matrix" />
      </animation>
      <animation id="Hips_0_5-anim" name="Hips_0_5">
        <source id="Hips_0_5-Matrix-animation-input">
          <float_array id="Hips_0_5-Matrix-animation-input-array" count="16">0
0.01666667
0.03333334
0.05
0.06666667
0.08333334
0.1
0.1166667
0.1333333
0.15
0.1666667
0.1833333
0.2
0.2166667
0.2333333
0.2470092
</float_array>
          <technique_common>
            <accessor count="16" offset="0" source="#Hips_0_5-Matrix-animation-input-array" stride="1">
              <param name="TIME" type="float" />
            </accessor>
          </technique_common>
        </source>
        <source id="Hips_0_5-Matrix-animation-output-transform">
          <float_array id="Hips_0_5-Matrix-animation-output-transform-array" count="256">0.9913094 0.07805326 -0.1058938 4.416815E-09 
-0.03603998 0.9352995 0.352017 0.832392 
0.1265185 -0.3451413 0.9299842 0.004143002 
0 0 0 1 
0.9913094 0.07805326 -0.1058938 4.416815E-09 
-0.03603998 0.9352995 0.352017 0.832392 
0.1265185 -0.3451413 0.9299842 0.004143002 
0 0 0 1 
0.9913094 0.07805326 -0.1058938 4.416815E-09 
-0.03603998 0.9352995 0.352017 0.832392 
0.1265185 -0.3451413 0.9299842 0.004143002 
0 0 0 1 
0.9913094 0.07805326 -0.1058938 4.416815E-09 
-0.03603998 0.9352995 0.352017 0.832392 
0.1265185 -0.3451413 0.9299842 0.004143002 
0 0 0 1 
0.9912798 0.07814723 -0.1061003 4.416815E-09 
-0.03605604 0.9352981 0.3520191 0.832392 
0.1267447 -0.3451239 0.9299598 0.004143002 
0 0 0 1 
0.9912504 0.07824256 -0.1063052 4.416815E-09 
-0.03607387 0.9352964 0.3520218 0.832392 
0.12697 -0.3451068 0.9299355 0.004143002 
0 0 0 1 
0.9912281 0.07831988 -0.1064556 4.416815E-09 
-0.03609361 0.9352941 0.3520258 0.832392 
0.1271379 -0.3450955 0.9299167 0.004143002 
0 0 0 1 
0.9912099 0.07838789 -0.1065754 4.416815E-09 
-0.03611517 0.9352914 0.3520308 0.832392 
0.127274 -0.3450873 0.9299011 0.004143002 
0 0 0 1 
0.9911891 0.078467 -0.10671 4.416815E-09 
-0.03614212 0.9352889 0.3520347 0.832392 
0.1274278 -0.3450762 0.9298841 0.004143002 
0 0 0 1 
0.9911646 0.07856281 -0.1068679 4.416815E-09 
-0.0361771 0.9352871 0.3520359 0.832392 
0.1276091 -0.3450594 0.9298655 0.004143002 
0 0 0 1 
0.9911378 0.07867125 -0.1070365 4.416815E-09 
-0.03621662 0.9352753 0.3520632 0.832392 
0.1278059 -0.3450666 0.9298359 0.004143002 
0 0 0 1 
0.991111 0.07878075 -0.1072031 4.416815E-09 
-0.03625578 0.9352579 0.3521055 0.832392 
0.1280017 -0.3450889 0.9298006 0.004143002 
0 0 0 1 
0.9910899 0.07886194 -0.1073384 4.416815E-09 
-0.03628051 0.9352446 0.3521382 0.832392 
0.128158 -0.3451063 0.9297726 0.004143002 
0 0 0 1 
0.9910703 0.07893977 -0.1074627 4.416815E-09 
-0.03630573 0.9352308 0.3521722 0.832392 
0.1283028 -0.3451258 0.9297454 0.004143002 
0 0 0 1 
0.9910483 0.07904115 -0.1075908 4.416815E-09 
-0.03635037 0.9352123 0.3522167 0.832392 
0.1284599 -0.3451527 0.9297137 0.004143002 
0 0 0 1 
0.9910297 0.07913132 -0.1076957 4.416815E-09 
-0.0363932 0.9351956 0.3522567 0.832392 
0.128591 -0.3451774 0.9296864 0.004143002 
0 0 0 1 
</float_array>
          <technique_common>
            <accessor count="16" offset="0" source="#Hips_0_5-Matrix-animation-output-transform-array" stride="16">
              <param type="float4x4" />
            </accessor>
          </technique_common>
        </source>
        <source id="Hips_0_5-Interpolations">
          <Name_array id="Hips_0_5-Interpolations-array" count="16">LINEAR
LINEAR
LINEAR
LINEAR
LINEAR
LINEAR
LINEAR
LINEAR
LINEAR
LINEAR
LINEAR
LINEAR
LINEAR
LINEAR
LINEAR
LINEAR</Name_array>
          <technique_common>
            <accessor count="16" offset="0" source="#Hips_0_5-Interpolations-array" stride="1">
              <param type="name" />
            </accessor>
          </technique_common>
        </source>
        <sampler id="Hips_0_5-Matrix-animation-transform">
          <input semantic="INPUT" source="#Hips_0_5-Matrix-animation-input" />
          <input semantic="OUTPUT" source="#Hips_0_5-Matrix-animation-output-transform" />
          <input semantic="INTERPOLATION" source="#Hips_0_5-Interpolations" />
        </sampler>
        <channel source="#Hips_0_5-Matrix-animation-transform" target="Hips/matrix" />
      </animation>
      <animation id="BoyFacialAnim_Joint_0_6-anim" name="BoyFacialAnim_Joint_0_6">
        <source id="BoyFacialAnim_Joint_0_6-Matrix-animation-input">
          <float_array id="BoyFacialAnim_Joint_0_6-Matrix-animation-input-array" count="16">0
0.01666667
0.03333334
0.05
0.06666667
0.08333334
0.1
0.1166667
0.1333333
0.15
0.1666667
0.1833333
0.2
0.2166667
0.2333333
0.2470092
</float_array>
          <technique_common>
            <accessor count="16" offset="0" source="#BoyFacialAnim_Joint_0_6-Matrix-animation-input-array" stride="1">
              <param name="TIME" type="float" />
            </accessor>
          </technique_common>
        </source>
        <source id="BoyFacialAnim_Joint_0_6-Matrix-animation-output-transform">
          <float_array id="BoyFacialAnim_Joint_0_6-Matrix-animation-output-transform-array" count="256">1 0 0 0.01 
0 1 0 -0.8220807 
0 0 1 -0.01550922 
0 0 0 1 
1 0 0 0.01 
0 1 0 -0.8220807 
0 0 1 -0.01550922 
0 0 0 1 
1 0 0 0.01 
0 1 0 -0.8220807 
0 0 1 -0.01550922 
0 0 0 1 
1 0 0 0.01 
0 1 0 -0.8220807 
0 0 1 -0.01550922 
0 0 0 1 
1 0 0 0.01 
0 1 0 -0.8220807 
0 0 1 -0.01550922 
0 0 0 1 
1 0 0 0.01 
0 1 0 -0.8220807 
0 0 1 -0.01550922 
0 0 0 1 
1 0 0 0.01 
0 1 0 -0.8220807 
0 0 1 -0.01550922 
0 0 0 1 
1 0 0 0.01 
0 1 0 -0.8220807 
0 0 1 -0.01550922 
0 0 0 1 
1 0 0 0.01 
0 1 0 -0.8220807 
0 0 1 -0.01550922 
0 0 0 1 
1 0 0 0.01 
0 1 0 -0.8220807 
0 0 1 -0.01550922 
0 0 0 1 
1 0 0 0.01 
0 1 0 -0.8220807 
0 0 1 -0.01550922 
0 0 0 1 
1 0 0 0.01 
0 1 0 -0.8220807 
0 0 1 -0.01550922 
0 0 0 1 
1 0 0 0.01 
0 1 0 -0.8220807 
0 0 1 -0.01550922 
0 0 0 1 
1 0 0 0.01 
0 1 0 -0.8220807 
0 0 1 -0.01550922 
0 0 0 1 
1 0 0 0.01 
0 1 0 -0.8220807 
0 0 1 -0.01550922 
0 0 0 1 
1 0 0 0.01 
0 1 0 -0.8220807 
0 0 1 -0.01550922 
0 0 0 1 
</float_array>
          <technique_common>
            <accessor count="16" offset="0" source="#BoyFacialAnim_Joint_0_6-Matrix-animation-output-transform-array" stride="16">
              <param type="float4x4" />
            </accessor>
          </technique_common>
        </source>
        <source id="BoyFacialAnim_Joint_0_6-Interpolations">
          <Name_array id="BoyFacialAnim_Joint_0_6-Interpolations-array" count="16">LINEAR
LINEAR
LINEAR
LINEAR
LINEAR
LINEAR
LINEAR
LINEAR
LINEAR
LINEAR
LINEAR
LINEAR
LINEAR
LINEAR
LINEAR
LINEAR</Name_array>
          <technique_common>
            <accessor count="16" offset="0" source="#BoyFacialAnim_Joint_0_6-Interpolations-array" stride="1">
              <param type="name" />
            </accessor>
          </technique_common>
        </source>
        <sampler id="BoyFacialAnim_Joint_0_6-Matrix-animation-transform">
          <input semantic="INPUT" source="#BoyFacialAnim_Joint_0_6-Matrix-animation-input" />
          <input semantic="OUTPUT" source="#BoyFacialAnim_Joint_0_6-Matrix-animation-output-transform" />
          <input semantic="INTERPOLATION" source="#BoyFacialAnim_Joint_0_6-Interpolations" />
        </sampler>
        <channel source="#BoyFacialAnim_Joint_0_6-Matrix-animation-transform" target="BoyFacialAnim_Joint/matrix" />
      </animation>
      <animation id="Pelvis_0_7-anim" name="Pelvis_0_7">
        <source id="Pelvis_0_7-Matrix-animation-input">
          <float_array id="Pelvis_0_7-Matrix-animation-input-array" count="16">0
0.01666667
0.03333334
0.05
0.06666667
0.08333334
0.1
0.1166667
0.1333333
0.15
0.1666667
0.1833333
0.2
0.2166667
0.2333333
0.2470092
</float_array>
          <technique_common>
            <accessor count="16" offset="0" source="#Pelvis_0_7-Matrix-animation-input-array" stride="1">
              <param name="TIME" type="float" />
            </accessor>
          </technique_common>
        </source>
        <source id="Pelvis_0_7-Matrix-animation-output-transform">
          <float_array id="Pelvis_0_7-Matrix-animation-output-transform-array" count="256">1 0 0 0 
0 1 0 0 
0 0 1 0 
0 0 0 1 
1 0 0 0 
0 1 0 0 
0 0 1 0 
0 0 0 1 
1 0 0 0 
0 1 0 0 
0 0 1 0 
0 0 0 1 
1 0 0 0 
0 1 0 0 
0 0 1 0 
0 0 0 1 
1 0 0 0 
0 1 0 0 
0 0 1 0 
0 0 0 1 
1 0 0 0 
0 1 0 0 
0 0 1 0 
0 0 0 1 
1 0 0 0 
0 1 0 0 
0 0 1 0 
0 0 0 1 
1 0 0 0 
0 1 0 0 
0 0 1 0 
0 0 0 1 
1 0 0 0 
0 1 0 0 
0 0 1 0 
0 0 0 1 
1 0 0 0 
0 1 0 0 
0 0 1 0 
0 0 0 1 
1 0 0 0 
0 1 0 0 
0 0 1 0 
0 0 0 1 
1 0 0 0 
0 1 0 0 
0 0 1 0 
0 0 0 1 
1 0 0 0 
0 1 0 0 
0 0 1 0 
0 0 0 1 
1 0 0 0 
0 1 0 0 
0 0 1 0 
0 0 0 1 
1 0 0 0 
0 1 0 0 
0 0 1 0 
0 0 0 1 
1 0 0 0 
0 1 0 0 
0 0 1 0 
0 0 0 1 
</float_array>
          <technique_common>
            <accessor count="16" offset="0" source="#Pelvis_0_7-Matrix-animation-output-transform-array" stride="16">
              <param type="float4x4" />
            </accessor>
          </technique_common>
        </source>
        <source id="Pelvis_0_7-Interpolations">
          <Name_array id="Pelvis_0_7-Interpolations-array" count="16">LINEAR
LINEAR
LINEAR
LINEAR
LINEAR
LINEAR
LINEAR
LINEAR
LINEAR
LINEAR
LINEAR
LINEAR
LINEAR
LINEAR
LINEAR
LINEAR</Name_array>
          <technique_common>
            <accessor count="16" offset="0" source="#Pelvis_0_7-Interpolations-array" stride="1">
              <param type="name" />
            </accessor>
          </technique_common>
        </source>
        <sampler id="Pelvis_0_7-Matrix-animation-transform">
          <input semantic="INPUT" source="#Pelvis_0_7-Matrix-animation-input" />
          <input semantic="OUTPUT" source="#Pelvis_0_7-Matrix-animation-output-transform" />
          <input semantic="INTERPOLATION" source="#Pelvis_0_7-Interpolations" />
        </sampler>
        <channel source="#Pelvis_0_7-Matrix-animation-transform" target="Pelvis/matrix" />
      </animation>
      <animation id="LeftUpLeg_0_8-anim" name="LeftUpLeg_0_8">
        <source id="LeftUpLeg_0_8-Matrix-animation-input">
          <float_array id="LeftUpLeg_0_8-Matrix-animation-input-array" count="16">0
0.01666667
0.03333334
0.05
0.06666667
0.08333334
0.1
0.1166667
0.1333333
0.15
0.1666667
0.1833333
0.2
0.2166667
0.2333333
0.2470092
</float_array>
          <technique_common>
            <accessor count="16" offset="0" source="#LeftUpLeg_0_8-Matrix-animation-input-array" stride="1">
              <param name="TIME" type="float" />
            </accessor>
          </technique_common>
        </source>
        <source id="LeftUpLeg_0_8-Matrix-animation-output-transform">
          <float_array id="LeftUpLeg_0_8-Matrix-animation-output-transform-array" count="256">-0.9998658 0.01635035 0.001050225 0.08479694 
-0.01520854 -0.9023777 -0.4306777 -0.04795516 
-0.00609403 -0.4306358 0.9025052 -0.003790535 
0 0 0 1 
-0.9998658 0.01635035 0.001050225 0.08479694 
-0.01520854 -0.9023777 -0.4306777 -0.04795516 
-0.00609403 -0.4306358 0.9025052 -0.003790535 
0 0 0 1 
-0.9998658 0.01635035 0.001050225 0.08479694 
-0.01520854 -0.9023777 -0.4306777 -0.04795516 
-0.00609403 -0.4306358 0.9025052 -0.003790535 
0 0 0 1 
-0.9998658 0.01635035 0.001050225 0.08479694 
-0.01520854 -0.9023777 -0.4306777 -0.04795516 
-0.00609403 -0.4306358 0.9025052 -0.003790535 
0 0 0 1 
-0.9999169 0.0129161 0.000196453 0.08479694 
-0.0117635 -0.9041922 -0.4269642 -0.04795516 
-0.005337082 -0.4269309 0.9042685 -0.003790535 
0 0 0 1 
-0.9999513 0.009854975 -0.0005517786 0.08479694 
-0.008693076 -0.9057782 -0.4236631 -0.04795516 
-0.004674978 -0.4236376 0.9058197 -0.003790535 
0 0 0 1 
-0.9999598 0.008967681 -0.0007661079 0.08479694 
-0.00780309 -0.9062146 -0.4227464 -0.04795516 
-0.004485313 -0.4227232 0.9062477 -0.003790535 
0 0 0 1 
-0.9999557 0.009375783 -0.0006668232 0.08479694 
-0.008212283 -0.9059683 -0.4232655 -0.04795516 
-0.004572566 -0.4232413 0.9060054 -0.003790535 
0 0 0 1 
-0.999952 0.009799465 -0.0005625372 0.08479694 
-0.008636948 -0.9056616 -0.4239135 -0.04795516 
-0.004663594 -0.4238882 0.9057025 -0.003790535 
0 0 0 1 
-0.9999479 0.01020944 -0.0004596873 0.08479694 
-0.009047617 -0.9052784 -0.4247226 -0.04795516 
-0.004752324 -0.4246962 0.9053234 -0.003790535 
0 0 0 1 
-0.9999415 0.01081138 -0.0003105307 0.08479694 
-0.009650995 -0.9048433 -0.4256353 -0.04795516 
-0.004882686 -0.4256074 0.9048947 -0.003790535 
0 0 0 1 
-0.9999339 0.01152271 -0.0001348672 0.08479694 
-0.01036427 -0.904397 -0.4265664 -0.04795516 
-0.005037177 -0.4265367 0.9044563 -0.003790535 
0 0 0 1 
-0.9999264 0.0121494 1.980271E-05 0.08479694 
-0.01099277 -0.9040369 -0.4273137 -0.04795516 
-0.005173702 -0.4272824 0.9041035 -0.003790535 
0 0 0 1 
-0.999918 0.01279986 0.0001802277 0.08479694 
-0.01164524 -0.9036931 -0.4280226 -0.04795516 
-0.005315758 -0.4279897 0.903768 -0.003790535 
0 0 0 1 
-0.9999076 0.01359311 0.0003759258 0.08479694 
-0.01244104 -0.9033021 -0.4288249 -0.04795516 
-0.00548949 -0.4287899 0.9033875 -0.003790535 
0 0 0 1 
-0.9998977 0.01429239 0.0005487825 0.08479694 
-0.01314262 -0.9029678 -0.4295073 -0.04795516 
-0.005643155 -0.4294706 0.9030632 -0.003790535 
0 0 0 1 
</float_array>
          <technique_common>
            <accessor count="16" offset="0" source="#LeftUpLeg_0_8-Matrix-animation-output-transform-array" stride="16">
              <param type="float4x4" />
            </accessor>
          </technique_common>
        </source>
        <source id="LeftUpLeg_0_8-Interpolations">
          <Name_array id="LeftUpLeg_0_8-Interpolations-array" count="16">LINEAR
LINEAR
LINEAR
LINEAR
LINEAR
LINEAR
LINEAR
LINEAR
LINEAR
LINEAR
LINEAR
LINEAR
LINEAR
LINEAR
LINEAR
LINEAR</Name_array>
          <technique_common>
            <accessor count="16" offset="0" source="#LeftUpLeg_0_8-Interpolations-array" stride="1">
              <param type="name" />
            </accessor>
          </technique_common>
        </source>
        <sampler id="LeftUpLeg_0_8-Matrix-animation-transform">
          <input semantic="INPUT" source="#LeftUpLeg_0_8-Matrix-animation-input" />
          <input semantic="OUTPUT" source="#LeftUpLeg_0_8-Matrix-animation-output-transform" />
          <input semantic="INTERPOLATION" source="#LeftUpLeg_0_8-Interpolations" />
        </sampler>
        <channel source="#LeftUpLeg_0_8-Matrix-animation-transform" target="LeftUpLeg/matrix" />
      </animation>
      <animation id="LeftLeg_0_9-anim" name="LeftLeg_0_9">
        <source id="LeftLeg_0_9-Matrix-animation-input">
          <float_array id="LeftLeg_0_9-Matrix-animation-input-array" count="16">0
0.01666667
0.03333334
0.05
0.06666667
0.08333334
0.1
0.1166667
0.1333333
0.15
0.1666667
0.1833333
0.2
0.2166667
0.2333333
0.2470092
</float_array>
          <technique_common>
            <accessor count="16" offset="0" source="#LeftLeg_0_9-Matrix-animation-input-array" stride="1">
              <param name="TIME" type="float" />
            </accessor>
          </technique_common>
        </source>
        <source id="LeftLeg_0_9-Matrix-animation-output-transform">
          <float_array id="LeftLeg_0_9-Matrix-animation-output-transform-array" count="256">0.9991698 -0.03345289 -0.0232519 -0.00144355 
0.0351456 0.9964369 0.07667021 0.3255459 
0.02060422 -0.07742376 0.9967853 0.001545743 
0 0 0 1 
0.9991698 -0.03345289 -0.0232519 -0.00144355 
0.0351456 0.9964369 0.07667021 0.3255459 
0.02060422 -0.07742376 0.9967853 0.001545743 
0 0 0 1 
0.9991698 -0.03345289 -0.0232519 -0.00144355 
0.0351456 0.9964369 0.07667021 0.3255459 
0.02060422 -0.07742376 0.9967853 0.001545743 
0 0 0 1 
0.9991698 -0.03345289 -0.0232519 -0.00144355 
0.0351456 0.9964369 0.07667021 0.3255459 
0.02060422 -0.07742376 0.9967853 0.001545743 
0 0 0 1 
0.9988578 -0.04167841 -0.02336692 -0.00144355 
0.04353074 0.9953997 0.08534911 0.3255459 
0.01970221 -0.08626881 0.9960771 0.001545743 
0 0 0 1 
0.9985212 -0.0490083 -0.02352869 -0.00144355 
0.05099607 0.9943562 0.09303351 0.3255459 
0.01883649 -0.0940958 0.9953849 0.001545743 
0 0 0 1 
0.998412 -0.0511606 -0.02358305 -0.00144355 
0.05318402 0.9940417 0.09514434 0.3255459 
0.0185749 -0.09624749 0.9951841 0.001545743 
0 0 0 1 
0.9984596 -0.05023793 -0.0235504 -0.00144355 
0.05223907 0.9942094 0.09390833 0.3255459 
0.01869627 -0.09499393 0.9953023 0.001545743 
0 0 0 1 
0.9985058 -0.04932868 -0.02351096 -0.00144355 
0.05130087 0.9944025 0.09236787 0.3255459 
0.01882297 -0.09343599 0.9954473 0.001545743 
0 0 0 1 
0.9985461 -0.04853082 -0.02346275 -0.00144355 
0.05046522 0.9946223 0.09044148 0.3255459 
0.01894738 -0.09149404 0.9956254 0.001545743 
0 0 0 1 
0.9986088 -0.04724814 -0.02341348 -0.00144355 
0.04914286 0.9948772 0.08834212 0.3255459 
0.01911953 -0.08936983 0.995815 0.001545743 
0 0 0 1 
0.9986833 -0.0456671 -0.02336823 -0.00144355 
0.04752302 0.9951403 0.08623996 0.3255459 
0.01931634 -0.08723693 0.9960003 0.001545743 
0 0 0 1 
0.9987493 -0.04421839 -0.02333516 -0.00144355 
0.04604349 0.9953552 0.08454599 0.3255459 
0.01948829 -0.08551469 0.9961463 0.001545743 
0 0 0 1 
0.9988164 -0.04269289 -0.02330709 -0.00144355 
0.04448916 0.9955608 0.08294186 0.3255459 
0.0196626 -0.0838806 0.9962818 0.001545743 
0 0 0 1 
0.9988937 -0.04085939 -0.02327924 -0.00144355 
0.04262332 0.9957914 0.08113422 0.3255459 
0.01986617 -0.0820367 0.9964313 0.001545743 
0 0 0 1 
0.9989588 -0.03924678 -0.02325864 -0.00144355 
0.0409832 0.9959841 0.07959881 0.3255459 
0.02004124 -0.08046914 0.9965556 0.001545743 
0 0 0 1 
</float_array>
          <technique_common>
            <accessor count="16" offset="0" source="#LeftLeg_0_9-Matrix-animation-output-transform-array" stride="16">
              <param type="float4x4" />
            </accessor>
          </technique_common>
        </source>
        <source id="LeftLeg_0_9-Interpolations">
          <Name_array id="LeftLeg_0_9-Interpolations-array" count="16">LINEAR
LINEAR
LINEAR
LINEAR
LINEAR
LINEAR
LINEAR
LINEAR
LINEAR
LINEAR
LINEAR
LINEAR
LINEAR
LINEAR
LINEAR
LINEAR</Name_array>
          <technique_common>
            <accessor count="16" offset="0" source="#LeftLeg_0_9-Interpolations-array" stride="1">
              <param type="name" />
            </accessor>
          </technique_common>
        </source>
        <sampler id="LeftLeg_0_9-Matrix-animation-transform">
          <input semantic="INPUT" source="#LeftLeg_0_9-Matrix-animation-input" />
          <input semantic="OUTPUT" source="#LeftLeg_0_9-Matrix-animation-output-transform" />
          <input semantic="INTERPOLATION" source="#LeftLeg_0_9-Interpolations" />
        </sampler>
        <channel source="#LeftLeg_0_9-Matrix-animation-transform" target="LeftLeg/matrix" />
      </animation>
      <animation id="LeftFoot_0_10-anim" name="LeftFoot_0_10">
        <source id="LeftFoot_0_10-Matrix-animation-input">
          <float_array id="LeftFoot_0_10-Matrix-animation-input-array" count="16">0
0.01666667
0.03333334
0.05
0.06666667
0.08333334
0.1
0.1166667
0.1333333
0.15
0.1666667
0.1833333
0.2
0.2166667
0.2333333
0.2470092
</float_array>
          <technique_common>
            <accessor count="16" offset="0" source="#LeftFoot_0_10-Matrix-animation-input-array" stride="1">
              <param name="TIME" type="float" />
            </accessor>
          </technique_common>
        </source>
        <source id="LeftFoot_0_10-Matrix-animation-output-transform">
          <float_array id="LeftFoot_0_10-Matrix-animation-output-transform-array" count="256">0.9982567 0.0587085 0.006079812 -2.052469E-05 
-0.004401916 0.1767759 -0.9842414 0.3277723 
-0.05885809 0.9824988 0.1767261 -0.000869061 
0 0 0 1 
0.9982567 0.0587085 0.006079812 -2.052469E-05 
-0.004401916 0.1767759 -0.9842414 0.3277723 
-0.05885809 0.9824988 0.1767261 -0.000869061 
0 0 0 1 
0.9982567 0.0587085 0.006079812 -2.052469E-05 
-0.004401916 0.1767759 -0.9842414 0.3277723 
-0.05885809 0.9824988 0.1767261 -0.000869061 
0 0 0 1 
0.9982567 0.0587085 0.006079812 -2.052469E-05 
-0.004401916 0.1767759 -0.9842414 0.3277723 
-0.05885809 0.9824988 0.1767261 -0.000869061 
0 0 0 1 
0.998365 0.05676711 0.006675519 -2.052469E-05 
-0.003636645 0.1796389 -0.983726 0.3277723 
-0.05704245 0.9820935 0.1795517 -0.000869061 
0 0 0 1 
0.9984701 0.05481584 0.007272219 -2.052469E-05 
-0.002900466 0.1832513 -0.9830619 0.3277723 
-0.05522 0.9815367 0.1831298 -0.000869061 
0 0 0 1 
0.9985478 0.05331369 0.007739436 -2.052469E-05 
-0.00246726 0.1887685 -0.9820185 0.3277723 
-0.05381599 0.9805733 0.1886259 -0.000869061 
0 0 0 1 
0.9986115 0.05204659 0.008135285 -2.052469E-05 
-0.002204353 0.1955832 -0.9806846 0.3277723 
-0.05263242 0.979305 0.1954264 -0.000869061 
0 0 0 1 
0.9986023 0.05223059 0.008087786 -2.052469E-05 
-0.002353966 0.196824 -0.980436 0.3277723 
-0.05280062 0.9790466 0.1966718 -0.000869061 
0 0 0 1 
0.9983056 0.05784358 0.006332725 -2.052469E-05 
-0.003967868 0.1762458 -0.9843382 0.3277723 
-0.05805377 0.9826452 0.1761767 -0.000869061 
0 0 0 1 
0.9997783 -0.01006894 0.01849488 -2.052469E-05 
0.02103867 0.4398663 -0.8978168 0.3277723 
0.0009047939 0.8980068 0.4399806 -0.000869061 
0 0 0 1 
0.9936491 -0.1125219 0.0006243661 -2.052469E-05 
0.086864 0.7635207 -0.6399148 0.3277723 
0.0715277 0.6359049 0.7684457 -0.000869061 
0 0 0 1 
0.986226 -0.1631273 -0.02734352 -2.052469E-05 
0.1341614 0.8856284 -0.4445932 0.3277723 
0.09674149 0.4348009 0.8953152 -0.000869061 
0 0 0 1 
0.9796029 -0.1936943 -0.053486 -2.052469E-05 
0.1699049 0.9405244 -0.2941874 0.3277723 
0.1072873 0.2790993 0.95425 -0.000869061 
0 0 0 1 
0.9749117 -0.2106215 -0.0720113 -2.052469E-05 
0.1929329 0.9609159 -0.1985384 0.3277723 
0.1110133 0.1796641 0.9774441 -0.000869061 
0 0 0 1 
0.9721938 -0.2191317 -0.08258675 -2.052469E-05 
0.20555 0.9674847 -0.1473856 0.3277723 
0.1121983 0.1263116 0.9856251 -0.000869061 
0 0 0 1 
</float_array>
          <technique_common>
            <accessor count="16" offset="0" source="#LeftFoot_0_10-Matrix-animation-output-transform-array" stride="16">
              <param type="float4x4" />
            </accessor>
          </technique_common>
        </source>
        <source id="LeftFoot_0_10-Interpolations">
          <Name_array id="LeftFoot_0_10-Interpolations-array" count="16">LINEAR
LINEAR
LINEAR
LINEAR
LINEAR
LINEAR
LINEAR
LINEAR
LINEAR
LINEAR
LINEAR
LINEAR
LINEAR
LINEAR
LINEAR
LINEAR</Name_array>
          <technique_common>
            <accessor count="16" offset="0" source="#LeftFoot_0_10-Interpolations-array" stride="1">
              <param type="name" />
            </accessor>
          </technique_common>
        </source>
        <sampler id="LeftFoot_0_10-Matrix-animation-transform">
          <input semantic="INPUT" source="#LeftFoot_0_10-Matrix-animation-input" />
          <input semantic="OUTPUT" source="#LeftFoot_0_10-Matrix-animation-output-transform" />
          <input semantic="INTERPOLATION" source="#LeftFoot_0_10-Interpolations" />
        </sampler>
        <channel source="#LeftFoot_0_10-Matrix-animation-transform" target="LeftFoot/matrix" />
      </animation>
      <animation id="LeftToeBase_0_11-anim" name="LeftToeBase_0_11">
        <source id="LeftToeBase_0_11-Matrix-animation-input">
          <float_array id="LeftToeBase_0_11-Matrix-animation-input-array" count="16">0
0.01666667
0.03333334
0.05
0.06666667
0.08333334
0.1
0.1166667
0.1333333
0.15
0.1666667
0.1833333
0.2
0.2166667
0.2333333
0.2470092
</float_array>
          <technique_common>
            <accessor count="16" offset="0" source="#LeftToeBase_0_11-Matrix-animation-input-array" stride="1">
              <param name="TIME" type="float" />
            </accessor>
          </technique_common>
        </source>
        <source id="LeftToeBase_0_11-Matrix-animation-output-transform">
          <float_array id="LeftToeBase_0_11-Matrix-animation-output-transform-array" count="256">0.9975483 -0.04644258 -0.0523491 -0.0006326933 
-0.009579535 0.6503835 -0.7595456 0.1779317 
0.06932224 0.758185 0.648344 0.0009938924 
0 0 0 1 
0.9975483 -0.04644258 -0.0523491 -0.0006326933 
-0.009579535 0.6503835 -0.7595456 0.1779317 
0.06932224 0.758185 0.648344 0.0009938924 
0 0 0 1 
0.9975483 -0.04644258 -0.0523491 -0.0006326933 
-0.009579535 0.6503835 -0.7595456 0.1779317 
0.06932224 0.758185 0.648344 0.0009938924 
0 0 0 1 
0.9975483 -0.04644258 -0.0523491 -0.0006326933 
-0.009579535 0.6503835 -0.7595456 0.1779317 
0.06932224 0.758185 0.648344 0.0009938924 
0 0 0 1 
0.9975483 -0.04644258 -0.0523491 -0.0006326933 
-0.009579535 0.6503835 -0.7595456 0.1779317 
0.06932224 0.758185 0.648344 0.0009938924 
0 0 0 1 
0.9975483 -0.04644258 -0.0523491 -0.0006326933 
-0.009579535 0.6503835 -0.7595456 0.1779317 
0.06932224 0.758185 0.648344 0.0009938924 
0 0 0 1 
0.9975483 -0.04644258 -0.0523491 -0.0006326933 
-0.009579535 0.6503835 -0.7595456 0.1779317 
0.06932224 0.758185 0.648344 0.0009938924 
0 0 0 1 
0.9975483 -0.04644258 -0.0523491 -0.0006326933 
-0.009579535 0.6503835 -0.7595456 0.1779317 
0.06932224 0.758185 0.648344 0.0009938924 
0 0 0 1 
