<?xml version="1.0" encoding="utf-8"?>
<COLLADA xmlns:xsi="http://www.w3.org/2001/XMLSchema-instance" xmlns:xsd="http://www.w3.org/2001/XMLSchema" version="1.4.1" xmlns="http://www.collada.org/2005/11/COLLADASchema">
  <asset>
    <created>2017-04-20T00:13:16.3010711+08:00</created>
    <modified>2017-04-20T00:13:16.3010711+08:00</modified>
    <unit meter="1" name="meter" />
    <up_axis>Y_UP</up_axis>
    <contributor>
      <authoring_tool>Skele: Character Animation Tools</authoring_tool>
      <comments>https://www.assetstore.unity3d.com/en/#!/content/16899</comments>
    </contributor>
    <revision>1.0</revision>
  </asset>
  <library_animation_clips>
    <animation_clip name="water" start="0" end="1.1083899736404419">
      <instance_animation url="water_0" />
    </animation_clip>
  </library_animation_clips>
  <library_animations>
    <animation id="water_0" name="water">
      <animation id="_0_0-anim" name="_0_0">
        <source id="_0_0-Matrix-animation-input">
          <float_array id="_0_0-Matrix-animation-input-array" count="68">0
0.01666667
0.03333334
0.05
0.06666667
0.08333334
0.1
0.1166667
0.1333333
0.15
0.1666667
0.1833333
0.2
0.2166667
0.2333333
0.25
0.2666667
0.2833334
0.3
0.3166667
0.3333334
0.3500001
0.3666668
0.3833334
0.4000001
0.4166668
0.4333335
0.4500002
0.4666668
0.4833335
0.5000002
0.5166668
0.5333335
0.5500001
0.5666668
0.5833334
0.6000001
0.6166667
0.6333334
0.65
0.6666667
0.6833333
0.7
0.7166666
0.7333333
0.7499999
0.7666666
0.7833332
0.7999999
0.8166665
0.8333332
0.8499998
0.8666665
0.8833331
0.8999998
0.9166664
0.9333331
0.9499997
0.9666664
0.9833331
0.9999997
1.016666
1.033333
1.05
1.066666
1.083333
1.1
1.10839
</float_array>
          <technique_common>
            <accessor count="68" offset="0" source="#_0_0-Matrix-animation-input-array" stride="1">
              <param name="TIME" type="float" />
            </accessor>
          </technique_common>
        </source>
        <source id="_0_0-Matrix-animation-output-transform">
          <float_array id="_0_0-Matrix-animation-output-transform-array" count="1088">-3.265421 0 -0.4351119 0.5092431 
0 3.294281 0 -3.4536 
0.4351119 0 -3.265421 0.2745262 
0 0 0 1 
-3.265421 0 -0.4351119 0.5092431 
0 3.294281 0 -3.4536 
0.4351119 0 -3.265421 0.2745262 
0 0 0 1 
-3.265421 0 -0.4351119 0.5092431 
0 3.294281 0 -3.4536 
0.4351119 0 -3.265421 0.2745262 
0 0 0 1 
-3.265421 0 -0.4351119 0.5092431 
0 3.294281 0 -3.4536 
0.4351119 0 -3.265421 0.2745262 
0 0 0 1 
-3.265421 0 -0.4351119 0.5092431 
0 3.294281 0 -3.4536 
0.4351119 0 -3.265421 0.2745262 
0 0 0 1 
-3.265421 0 -0.4351119 0.5092431 
0 3.294281 0 -3.4536 
0.4351119 0 -3.265421 0.2745262 
0 0 0 1 
-3.265421 0 -0.4351119 0.5092431 
0 3.294281 0 -3.4536 
0.4351119 0 -3.265421 0.2745262 
0 0 0 1 
-3.265421 0 -0.4351119 0.5092431 
0 3.294281 0 -3.4536 
0.4351119 0 -3.265421 0.2745262 
0 0 0 1 
-3.265421 0 -0.4351119 0.5092431 
0 3.294281 0 -3.4536 
0.4351119 0 -3.265421 0.2745262 
0 0 0 1 
-3.265421 0 -0.4351119 0.5092431 
0 3.294281 0 -3.4536 
0.4351119 0 -3.265421 0.2745262 
0 0 0 1 
-3.265421 0 -0.4351119 0.5092431 
0 3.294281 0 -3.4536 
0.4351119 0 -3.265421 0.2745262 
0 0 0 1 
-3.265421 0 -0.4351119 0.5092431 
0 3.294281 0 -3.4536 
0.4351119 0 -3.265421 0.2745262 
0 0 0 1 
-3.265421 0 -0.4351119 0.5092431 
0 3.294281 0 -3.4536 
0.4351119 0 -3.265421 0.2745262 
0 0 0 1 
-3.265421 0 -0.4351119 0.5092431 
0 3.294281 0 -3.4536 
0.4351119 0 -3.265421 0.2745262 
0 0 0 1 
-3.265421 0 -0.4351119 0.5092431 
0 3.294281 0 -3.4536 
0.4351119 0 -3.265421 0.2745262 
0 0 0 1 
-3.265421 0 -0.4351119 0.5092431 
0 3.294281 0 -3.4536 
0.4351119 0 -3.265421 0.2745262 
0 0 0 1 
-3.265421 0 -0.4351119 0.5092431 
0 3.294281 0 -3.4536 
0.4351119 0 -3.265421 0.2745262 
0 0 0 1 
-3.265421 0 -0.4351119 0.5092431 
0 3.294281 0 -3.4536 
0.4351119 0 -3.265421 0.2745262 
0 0 0 1 
-3.265421 0 -0.4351119 0.5092431 
0 3.294281 0 -3.4536 
0.4351119 0 -3.265421 0.2745262 
0 0 0 1 
-3.265421 0 -0.4351119 0.5092431 
0 3.294281 0 -3.4536 
0.4351119 0 -3.265421 0.2745262 
0 0 0 1 
-3.265421 0 -0.4351119 0.5092431 
0 3.294281 0 -3.4536 
0.4351119 0 -3.265421 0.2745262 
0 0 0 1 
-3.265421 0 -0.4351119 0.5092431 
0 3.294281 0 -3.4536 
0.4351119 0 -3.265421 0.2745262 
0 0 0 1 
-3.265421 0 -0.4351119 0.5092431 
0 3.294281 0 -3.4536 
0.4351119 0 -3.265421 0.2745262 
0 0 0 1 
-3.265421 0 -0.4351119 0.5092431 
0 3.294281 0 -3.4536 
0.4351119 0 -3.265421 0.2745262 
0 0 0 1 
-3.265421 0 -0.4351119 0.5092431 
0 3.294281 0 -3.4536 
0.4351119 0 -3.265421 0.2745262 
0 0 0 1 
-3.265421 0 -0.4351119 0.5092431 
0 3.294281 0 -3.4536 
0.4351119 0 -3.265421 0.2745262 
0 0 0 1 
-3.265421 0 -0.4351119 0.5092431 
0 3.294281 0 -3.4536 
0.4351119 0 -3.265421 0.2745262 
0 0 0 1 
-3.265421 0 -0.4351119 0.5092431 
0 3.294281 0 -3.4536 
0.4351119 0 -3.265421 0.2745262 
0 0 0 1 
-3.265421 0 -0.4351119 0.5092431 
0 3.294281 0 -3.4536 
0.4351119 0 -3.265421 0.2745262 
0 0 0 1 
-3.265421 0 -0.4351119 0.5092431 
0 3.294281 0 -3.4536 
0.4351119 0 -3.265421 0.2745262 
0 0 0 1 
-3.265421 0 -0.4351119 0.5092431 
0 3.294281 0 -3.4536 
0.4351119 0 -3.265421 0.2745262 
0 0 0 1 
-3.265421 0 -0.4351119 0.5092431 
0 3.294281 0 -3.4536 
0.4351119 0 -3.265421 0.2745262 
0 0 0 1 
-3.265421 0 -0.4351119 0.5092431 
0 3.294281 0 -3.4536 
0.4351119 0 -3.265421 0.2745262 
0 0 0 1 
-3.265421 0 -0.4351119 0.5092431 
0 3.294281 0 -3.4536 
0.4351119 0 -3.265421 0.2745262 
0 0 0 1 
-3.265421 0 -0.4351119 0.5092431 
0 3.294281 0 -3.4536 
0.4351119 0 -3.265421 0.2745262 
0 0 0 1 
-3.265421 0 -0.4351119 0.5092431 
0 3.294281 0 -3.4536 
0.4351119 0 -3.265421 0.2745262 
0 0 0 1 
-3.265421 0 -0.4351119 0.5092431 
0 3.294281 0 -3.4536 
0.4351119 0 -3.265421 0.2745262 
0 0 0 1 
-3.265421 0 -0.4351119 0.5092431 
0 3.294281 0 -3.4536 
0.4351119 0 -3.265421 0.2745262 
0 0 0 1 
-3.265421 0 -0.4351119 0.5092431 
0 3.294281 0 -3.4536 
0.4351119 0 -3.265421 0.2745262 
0 0 0 1 
-3.265421 0 -0.4351119 0.5092431 
0 3.294281 0 -3.4536 
0.4351119 0 -3.265421 0.2745262 
0 0 0 1 
-3.265421 0 -0.4351119 0.5092431 
0 3.294281 0 -3.4536 
0.4351119 0 -3.265421 0.2745262 
0 0 0 1 
-3.265421 0 -0.4351119 0.5092431 
0 3.294281 0 -3.4536 
0.4351119 0 -3.265421 0.2745262 
0 0 0 1 
-3.265421 0 -0.4351119 0.5092431 
0 3.294281 0 -3.4536 
0.4351119 0 -3.265421 0.2745262 
0 0 0 1 
-3.265421 0 -0.4351119 0.5092431 
0 3.294281 0 -3.4536 
0.4351119 0 -3.265421 0.2745262 
0 0 0 1 
-3.265421 0 -0.4351119 0.5092431 
0 3.294281 0 -3.4536 
0.4351119 0 -3.265421 0.2745262 
0 0 0 1 
-3.265421 0 -0.4351119 0.5092431 
0 3.294281 0 -3.4536 
0.4351119 0 -3.265421 0.2745262 
0 0 0 1 
-3.265421 0 -0.4351119 0.5092431 
0 3.294281 0 -3.4536 
0.4351119 0 -3.265421 0.2745262 
0 0 0 1 
-3.265421 0 -0.4351119 0.5092431 
0 3.294281 0 -3.4536 
0.4351119 0 -3.265421 0.2745262 
0 0 0 1 
-3.265421 0 -0.4351119 0.5092431 
0 3.294281 0 -3.4536 
0.4351119 0 -3.265421 0.2745262 
0 0 0 1 
-3.265421 0 -0.4351119 0.5092431 
0 3.294281 0 -3.4536 
0.4351119 0 -3.265421 0.2745262 
0 0 0 1 
-3.265421 0 -0.4351119 0.5092431 
0 3.294281 0 -3.4536 
0.4351119 0 -3.265421 0.2745262 
0 0 0 1 
-3.265421 0 -0.4351119 0.5092431 
0 3.294281 0 -3.4536 
0.4351119 0 -3.265421 0.2745262 
0 0 0 1 
-3.265421 0 -0.4351119 0.5092431 
0 3.294281 0 -3.4536 
0.4351119 0 -3.265421 0.2745262 
0 0 0 1 
-3.265421 0 -0.4351119 0.5092431 
0 3.294281 0 -3.4536 
0.4351119 0 -3.265421 0.2745262 
0 0 0 1 
-3.265421 0 -0.4351119 0.5092431 
0 3.294281 0 -3.4536 
0.4351119 0 -3.265421 0.2745262 
0 0 0 1 
-3.265421 0 -0.4351119 0.5092431 
0 3.294281 0 -3.4536 
0.4351119 0 -3.265421 0.2745262 
0 0 0 1 
-3.265421 0 -0.4351119 0.5092431 
0 3.294281 0 -3.4536 
0.4351119 0 -3.265421 0.2745262 
0 0 0 1 
-3.265421 0 -0.4351119 0.5092431 
0 3.294281 0 -3.4536 
0.4351119 0 -3.265421 0.2745262 
0 0 0 1 
-3.265421 0 -0.4351119 0.5092431 
0 3.294281 0 -3.4536 
0.4351119 0 -3.265421 0.2745262 
0 0 0 1 
-3.265421 0 -0.4351119 0.5092431 
0 3.294281 0 -3.4536 
0.4351119 0 -3.265421 0.2745262 
0 0 0 1 
-3.265421 0 -0.4351119 0.5092431 
0 3.294281 0 -3.4536 
0.4351119 0 -3.265421 0.2745262 
0 0 0 1 
-3.265421 0 -0.4351119 0.5092431 
0 3.294281 0 -3.4536 
0.4351119 0 -3.265421 0.2745262 
0 0 0 1 
-3.265421 0 -0.4351119 0.5092431 
0 3.294281 0 -3.4536 
0.4351119 0 -3.265421 0.2745262 
0 0 0 1 
-3.265421 0 -0.4351119 0.5092431 
0 3.294281 0 -3.4536 
0.4351119 0 -3.265421 0.2745262 
0 0 0 1 
-3.265421 0 -0.4351119 0.5092431 
0 3.294281 0 -3.4536 
0.4351119 0 -3.265421 0.2745262 
0 0 0 1 
-3.265421 0 -0.4351119 0.5092431 
0 3.294281 0 -3.4536 
0.4351119 0 -3.265421 0.2745262 
0 0 0 1 
-3.265421 0 -0.4351119 0.5092431 
0 3.294281 0 -3.4536 
0.4351119 0 -3.265421 0.2745262 
0 0 0 1 
-3.265421 0 -0.4351119 0.5092431 
0 3.294281 0 -3.4536 
0.4351119 0 -3.265421 0.2745262 
0 0 0 1 
</float_array>
          <technique_common>
            <accessor count="68" offset="0" source="#_0_0-Matrix-animation-output-transform-array" stride="16">
              <param type="float4x4" />
            </accessor>
          </technique_common>
        </source>
        <source id="_0_0-Interpolations">
          <Name_array id="_0_0-Interpolations-array" count="68">LINEAR
LINEAR
LINEAR
LINEAR
LINEAR
LINEAR
LINEAR
LINEAR
LINEAR
LINEAR
LINEAR
LINEAR
LINEAR
LINEAR
LINEAR
LINEAR
LINEAR
LINEAR
LINEAR
LINEAR
LINEAR
LINEAR
LINEAR
LINEAR
LINEAR
LINEAR
LINEAR
LINEAR
LINEAR
LINEAR
LINEAR
LINEAR
LINEAR
LINEAR
LINEAR
LINEAR
LINEAR
LINEAR
LINEAR
LINEAR
LINEAR
LINEAR
LINEAR
LINEAR
LINEAR
LINEAR
LINEAR
LINEAR
LINEAR
LINEAR
LINEAR
LINEAR
LINEAR
LINEAR
LINEAR
LINEAR
LINEAR
LINEAR
LINEAR
LINEAR
LINEAR
LINEAR
LINEAR
LINEAR
LINEAR
LINEAR
LINEAR
LINEAR</Name_array>
          <technique_common>
            <accessor count="68" offset="0" source="#_0_0-Interpolations-array" stride="1">
              <param type="name" />
            </accessor>
          </technique_common>
        </source>
        <sampler id="_0_0-Matrix-animation-transform">
          <input semantic="INPUT" source="#_0_0-Matrix-animation-input" />
          <input semantic="OUTPUT" source="#_0_0-Matrix-animation-output-transform" />
          <input semantic="INTERPOLATION" source="#_0_0-Interpolations" />
        </sampler>
        <channel source="#_0_0-Matrix-animation-transform" target="/matrix" />
      </animation>
      <animation id="Boy01_Body_Geo_0_1-anim" name="Boy01_Body_Geo_0_1">
        <source id="Boy01_Body_Geo_0_1-Matrix-animation-input">
          <float_array id="Boy01_Body_Geo_0_1-Matrix-animation-input-array" count="68">0
0.01666667
0.03333334
0.05
0.06666667
0.08333334
0.1
0.1166667
0.1333333
0.15
0.1666667
0.1833333
0.2
0.2166667
0.2333333
0.25
0.2666667
0.2833334
0.3
0.3166667
0.3333334
0.3500001
0.3666668
0.3833334
0.4000001
0.4166668
0.4333335
0.4500002
0.4666668
0.4833335
0.5000002
0.5166668
0.5333335
0.5500001
0.5666668
0.5833334
0.6000001
0.6166667
0.6333334
0.65
0.6666667
0.6833333
0.7
0.7166666
0.7333333
0.7499999
0.7666666
0.7833332
0.7999999
0.8166665
0.8333332
0.8499998
0.8666665
0.8833331
0.8999998
0.9166664
0.9333331
0.9499997
0.9666664
0.9833331
0.9999997
1.016666
1.033333
1.05
1.066666
1.083333
1.1
1.10839
</float_array>
          <technique_common>
            <accessor count="68" offset="0" source="#Boy01_Body_Geo_0_1-Matrix-animation-input-array" stride="1">
              <param name="TIME" type="float" />
            </accessor>
          </technique_common>
        </source>
        <source id="Boy01_Body_Geo_0_1-Matrix-animation-output-transform">
          <float_array id="Boy01_Body_Geo_0_1-Matrix-animation-output-transform-array" count="1088">1 0 0 0 
0 1 0 0 
0 0 1 0 
0 0 0 1 
1 0 0 0 
0 1 0 0 
0 0 1 0 
0 0 0 1 
1 0 0 0 
0 1 0 0 
0 0 1 0 
0 0 0 1 
1 0 0 0 
0 1 0 0 
0 0 1 0 
0 0 0 1 
1 0 0 0 
0 1 0 0 
0 0 1 0 
0 0 0 1 
1 0 0 0 
0 1 0 0 
0 0 1 0 
0 0 0 1 
1 0 0 0 
0 1 0 0 
0 0 1 0 
0 0 0 1 
1 0 0 0 
0 1 0 0 
0 0 1 0 
0 0 0 1 
1 0 0 0 
0 1 0 0 
0 0 1 0 
0 0 0 1 
1 0 0 0 
0 1 0 0 
0 0 1 0 
0 0 0 1 
1 0 0 0 
0 1 0 0 
0 0 1 0 
0 0 0 1 
1 0 0 0 
0 1 0 0 
0 0 1 0 
0 0 0 1 
1 0 0 0 
0 1 0 0 
0 0 1 0 
0 0 0 1 
1 0 0 0 
0 1 0 0 
0 0 1 0 
0 0 0 1 
1 0 0 0 
0 1 0 0 
0 0 1 0 
0 0 0 1 
1 0 0 0 
0 1 0 0 
0 0 1 0 
0 0 0 1 
1 0 0 0 
0 1 0 0 
0 0 1 0 
0 0 0 1 
1 0 0 0 
0 1 0 0 
0 0 1 0 
0 0 0 1 
1 0 0 0 
0 1 0 0 
0 0 1 0 
0 0 0 1 
1 0 0 0 
0 1 0 0 
0 0 1 0 
0 0 0 1 
1 0 0 0 
0 1 0 0 
0 0 1 0 
0 0 0 1 
1 0 0 0 
0 1 0 0 
0 0 1 0 
0 0 0 1 
1 0 0 0 
0 1 0 0 
0 0 1 0 
0 0 0 1 
1 0 0 0 
0 1 0 0 
0 0 1 0 
0 0 0 1 
1 0 0 0 
0 1 0 0 
0 0 1 0 
0 0 0 1 
1 0 0 0 
0 1 0 0 
0 0 1 0 
0 0 0 1 
1 0 0 0 
0 1 0 0 
0 0 1 0 
0 0 0 1 
1 0 0 0 
0 1 0 0 
0 0 1 0 
0 0 0 1 
1 0 0 0 
0 1 0 0 
0 0 1 0 
0 0 0 1 
1 0 0 0 
0 1 0 0 
0 0 1 0 
0 0 0 1 
1 0 0 0 
0 1 0 0 
0 0 1 0 
0 0 0 1 
1 0 0 0 
0 1 0 0 
0 0 1 0 
0 0 0 1 
1 0 0 0 
0 1 0 0 
0 0 1 0 
0 0 0 1 
1 0 0 0 
0 1 0 0 
0 0 1 0 
0 0 0 1 
1 0 0 0 
0 1 0 0 
0 0 1 0 
0 0 0 1 
1 0 0 0 
0 1 0 0 
0 0 1 0 
0 0 0 1 
1 0 0 0 
0 1 0 0 
0 0 1 0 
0 0 0 1 
1 0 0 0 
0 1 0 0 
0 0 1 0 
0 0 0 1 
1 0 0 0 
0 1 0 0 
0 0 1 0 
0 0 0 1 
1 0 0 0 
0 1 0 0 
0 0 1 0 
0 0 0 1 
1 0 0 0 
0 1 0 0 
0 0 1 0 
0 0 0 1 
1 0 0 0 
0 1 0 0 
0 0 1 0 
0 0 0 1 
1 0 0 0 
0 1 0 0 
0 0 1 0 
0 0 0 1 
1 0 0 0 
0 1 0 0 
0 0 1 0 
0 0 0 1 
1 0 0 0 
0 1 0 0 
0 0 1 0 
0 0 0 1 
1 0 0 0 
0 1 0 0 
0 0 1 0 
0 0 0 1 
1 0 0 0 
0 1 0 0 
0 0 1 0 
0 0 0 1 
1 0 0 0 
0 1 0 0 
0 0 1 0 
0 0 0 1 
1 0 0 0 
0 1 0 0 
0 0 1 0 
0 0 0 1 
1 0 0 0 
0 1 0 0 
0 0 1 0 
0 0 0 1 
1 0 0 0 
0 1 0 0 
0 0 1 0 
0 0 0 1 
1 0 0 0 
0 1 0 0 
0 0 1 0 
0 0 0 1 
1 0 0 0 
0 1 0 0 
0 0 1 0 
0 0 0 1 
1 0 0 0 
0 1 0 0 
0 0 1 0 
0 0 0 1 
1 0 0 0 
0 1 0 0 
0 0 1 0 
0 0 0 1 
1 0 0 0 
0 1 0 0 
0 0 1 0 
0 0 0 1 
1 0 0 0 
0 1 0 0 
0 0 1 0 
0 0 0 1 
1 0 0 0 
0 1 0 0 
0 0 1 0 
0 0 0 1 
1 0 0 0 
0 1 0 0 
0 0 1 0 
0 0 0 1 
1 0 0 0 
0 1 0 0 
0 0 1 0 
0 0 0 1 
1 0 0 0 
0 1 0 0 
0 0 1 0 
0 0 0 1 
1 0 0 0 
0 1 0 0 
0 0 1 0 
0 0 0 1 
1 0 0 0 
0 1 0 0 
0 0 1 0 
0 0 0 1 
1 0 0 0 
0 1 0 0 
0 0 1 0 
0 0 0 1 
1 0 0 0 
0 1 0 0 
0 0 1 0 
0 0 0 1 
1 0 0 0 
0 1 0 0 
0 0 1 0 
0 0 0 1 
1 0 0 0 
0 1 0 0 
0 0 1 0 
0 0 0 1 
1 0 0 0 
0 1 0 0 
0 0 1 0 
0 0 0 1 
</float_array>
          <technique_common>
            <accessor count="68" offset="0" source="#Boy01_Body_Geo_0_1-Matrix-animation-output-transform-array" stride="16">
              <param type="float4x4" />
            </accessor>
          </technique_common>
        </source>
        <source id="Boy01_Body_Geo_0_1-Interpolations">
          <Name_array id="Boy01_Body_Geo_0_1-Interpolations-array" count="68">LINEAR
LINEAR
LINEAR
LINEAR
LINEAR
LINEAR
LINEAR
LINEAR
LINEAR
LINEAR
LINEAR
LINEAR
LINEAR
LINEAR
LINEAR
LINEAR
LINEAR
LINEAR
LINEAR
LINEAR
LINEAR
LINEAR
LINEAR
LINEAR
LINEAR
LINEAR
LINEAR
LINEAR
LINEAR
LINEAR
LINEAR
LINEAR
LINEAR
LINEAR
LINEAR
LINEAR
LINEAR
LINEAR
LINEAR
LINEAR
LINEAR
LINEAR
LINEAR
LINEAR
LINEAR
LINEAR
LINEAR
LINEAR
LINEAR
LINEAR
LINEAR
LINEAR
LINEAR
LINEAR
LINEAR
LINEAR
LINEAR
LINEAR
LINEAR
LINEAR
LINEAR
LINEAR
LINEAR
LINEAR
LINEAR
LINEAR
LINEAR
LINEAR</Name_array>
          <technique_common>
            <accessor count="68" offset="0" source="#Boy01_Body_Geo_0_1-Interpolations-array" stride="1">
              <param type="name" />
            </accessor>
          </technique_common>
        </source>
        <sampler id="Boy01_Body_Geo_0_1-Matrix-animation-transform">
          <input semantic="INPUT" source="#Boy01_Body_Geo_0_1-Matrix-animation-input" />
          <input semantic="OUTPUT" source="#Boy01_Body_Geo_0_1-Matrix-animation-output-transform" />
          <input semantic="INTERPOLATION" source="#Boy01_Body_Geo_0_1-Interpolations" />
        </sampler>
        <channel source="#Boy01_Body_Geo_0_1-Matrix-animation-transform" target="Boy01_Body_Geo/matrix" />
      </animation>
      <animation id="Boy01_Brows_Geo_0_2-anim" name="Boy01_Brows_Geo_0_2">
        <source id="Boy01_Brows_Geo_0_2-Matrix-animation-input">
          <float_array id="Boy01_Brows_Geo_0_2-Matrix-animation-input-array" count="68">0
0.01666667
0.03333334
0.05
0.06666667
0.08333334
0.1
0.1166667
0.1333333
0.15
0.1666667
0.1833333
0.2
0.2166667
0.2333333
0.25
0.2666667
0.2833334
0.3
0.3166667
0.3333334
0.3500001
0.3666668
0.3833334
0.4000001
0.4166668
0.4333335
0.4500002
0.4666668
0.4833335
0.5000002
0.5166668
0.5333335
0.5500001
0.5666668
0.5833334
0.6000001
0.6166667
0.6333334
0.65
0.6666667
0.6833333
0.7
0.7166666
0.7333333
0.7499999
0.7666666
0.7833332
0.7999999
0.8166665
0.8333332
0.8499998
0.8666665
0.8833331
0.8999998
0.9166664
0.9333331
0.9499997
0.9666664
0.9833331
0.9999997
1.016666
1.033333
1.05
1.066666
1.083333
1.1
1.10839
</float_array>
          <technique_common>
            <accessor count="68" offset="0" source="#Boy01_Brows_Geo_0_2-Matrix-animation-input-array" stride="1">
              <param name="TIME" type="float" />
            </accessor>
          </technique_common>
        </source>
        <source id="Boy01_Brows_Geo_0_2-Matrix-animation-output-transform">
          <float_array id="Boy01_Brows_Geo_0_2-Matrix-animation-output-transform-array" count="1088">1 0 0 0 
0 1 0 0 
0 0 1 0 
0 0 0 1 
1 0 0 0 
0 1 0 0 
0 0 1 0 
0 0 0 1 
1 0 0 0 
0 1 0 0 
0 0 1 0 
0 0 0 1 
1 0 0 0 
0 1 0 0 
0 0 1 0 
0 0 0 1 
1 0 0 0 
0 1 0 0 
0 0 1 0 
0 0 0 1 
1 0 0 0 
0 1 0 0 
0 0 1 0 
0 0 0 1 
1 0 0 0 
0 1 0 0 
0 0 1 0 
0 0 0 1 
1 0 0 0 
0 1 0 0 
0 0 1 0 
0 0 0 1 
1 0 0 0 
0 1 0 0 
0 0 1 0 
0 0 0 1 
1 0 0 0 
0 1 0 0 
0 0 1 0 
0 0 0 1 
1 0 0 0 
0 1 0 0 
0 0 1 0 
0 0 0 1 
1 0 0 0 
0 1 0 0 
0 0 1 0 
0 0 0 1 
1 0 0 0 
0 1 0 0 
0 0 1 0 
0 0 0 1 
1 0 0 0 
0 1 0 0 
0 0 1 0 
0 0 0 1 
1 0 0 0 
0 1 0 0 
0 0 1 0 
0 0 0 1 
1 0 0 0 
0 1 0 0 
0 0 1 0 
0 0 0 1 
1 0 0 0 
0 1 0 0 
0 0 1 0 
0 0 0 1 
1 0 0 0 
0 1 0 0 
0 0 1 0 
0 0 0 1 
1 0 0 0 
0 1 0 0 
0 0 1 0 
0 0 0 1 
1 0 0 0 
0 1 0 0 
0 0 1 0 
0 0 0 1 
1 0 0 0 
0 1 0 0 
0 0 1 0 
0 0 0 1 
1 0 0 0 
0 1 0 0 
0 0 1 0 
0 0 0 1 
1 0 0 0 
0 1 0 0 
0 0 1 0 
0 0 0 1 
1 0 0 0 
0 1 0 0 
0 0 1 0 
0 0 0 1 
1 0 0 0 
0 1 0 0 
0 0 1 0 
0 0 0 1 
1 0 0 0 
0 1 0 0 
0 0 1 0 
0 0 0 1 
1 0 0 0 
0 1 0 0 
0 0 1 0 
0 0 0 1 
1 0 0 0 
0 1 0 0 
0 0 1 0 
0 0 0 1 
1 0 0 0 
0 1 0 0 
0 0 1 0 
0 0 0 1 
1 0 0 0 
0 1 0 0 
0 0 1 0 
0 0 0 1 
1 0 0 0 
0 1 0 0 
0 0 1 0 
0 0 0 1 
1 0 0 0 
0 1 0 0 
0 0 1 0 
0 0 0 1 
1 0 0 0 
0 1 0 0 
0 0 1 0 
0 0 0 1 
1 0 0 0 
0 1 0 0 
0 0 1 0 
0 0 0 1 
1 0 0 0 
0 1 0 0 
0 0 1 0 
0 0 0 1 
1 0 0 0 
0 1 0 0 
0 0 1 0 
0 0 0 1 
1 0 0 0 
0 1 0 0 
0 0 1 0 
0 0 0 1 
1 0 0 0 
0 1 0 0 
0 0 1 0 
0 0 0 1 
1 0 0 0 
0 1 0 0 
0 0 1 0 
0 0 0 1 
1 0 0 0 
0 1 0 0 
0 0 1 0 
0 0 0 1 
1 0 0 0 
0 1 0 0 
0 0 1 0 
0 0 0 1 
1 0 0 0 
0 1 0 0 
0 0 1 0 
0 0 0 1 
1 0 0 0 
0 1 0 0 
0 0 1 0 
0 0 0 1 
1 0 0 0 
0 1 0 0 
0 0 1 0 
0 0 0 1 
1 0 0 0 
0 1 0 0 
0 0 1 0 
0 0 0 1 
1 0 0 0 
0 1 0 0 
0 0 1 0 
0 0 0 1 
1 0 0 0 
0 1 0 0 
0 0 1 0 
0 0 0 1 
1 0 0 0 
0 1 0 0 
0 0 1 0 
0 0 0 1 
1 0 0 0 
0 1 0 0 
0 0 1 0 
0 0 0 1 
1 0 0 0 
0 1 0 0 
0 0 1 0 
0 0 0 1 
1 0 0 0 
0 1 0 0 
0 0 1 0 
0 0 0 1 
1 0 0 0 
0 1 0 0 
0 0 1 0 
0 0 0 1 
1 0 0 0 
0 1 0 0 
0 0 1 0 
0 0 0 1 
1 0 0 0 
0 1 0 0 
0 0 1 0 
0 0 0 1 
1 0 0 0 
0 1 0 0 
0 0 1 0 
0 0 0 1 
1 0 0 0 
0 1 0 0 
0 0 1 0 
0 0 0 1 
1 0 0 0 
0 1 0 0 
0 0 1 0 
0 0 0 1 
1 0 0 0 
0 1 0 0 
0 0 1 0 
0 0 0 1 
1 0 0 0 
0 1 0 0 
0 0 1 0 
0 0 0 1 
1 0 0 0 
0 1 0 0 
0 0 1 0 
0 0 0 1 
1 0 0 0 
0 1 0 0 
0 0 1 0 
0 0 0 1 
1 0 0 0 
0 1 0 0 
0 0 1 0 
0 0 0 1 
1 0 0 0 
0 1 0 0 
0 0 1 0 
0 0 0 1 
1 0 0 0 
0 1 0 0 
0 0 1 0 
0 0 0 1 
1 0 0 0 
0 1 0 0 
0 0 1 0 
0 0 0 1 
1 0 0 0 
0 1 0 0 
0 0 1 0 
0 0 0 1 
1 0 0 0 
0 1 0 0 
0 0 1 0 
0 0 0 1 
1 0 0 0 
0 1 0 0 
0 0 1 0 
0 0 0 1 
</float_array>
          <technique_common>
            <accessor count="68" offset="0" source="#Boy01_Brows_Geo_0_2-Matrix-animation-output-transform-array" stride="16">
              <param type="float4x4" />
            </accessor>
          </technique_common>
        </source>
        <source id="Boy01_Brows_Geo_0_2-Interpolations">
          <Name_array id="Boy01_Brows_Geo_0_2-Interpolations-array" count="68">LINEAR
LINEAR
LINEAR
LINEAR
LINEAR
LINEAR
LINEAR
LINEAR
LINEAR
LINEAR
LINEAR
LINEAR
LINEAR
LINEAR
LINEAR
LINEAR
LINEAR
LINEAR
LINEAR
LINEAR
LINEAR
LINEAR
LINEAR
LINEAR
LINEAR
LINEAR
LINEAR
LINEAR
LINEAR
LINEAR
LINEAR
LINEAR
LINEAR
LINEAR
LINEAR
LINEAR
LINEAR
LINEAR
LINEAR
LINEAR
LINEAR
LINEAR
LINEAR
LINEAR
LINEAR
LINEAR
LINEAR
LINEAR
LINEAR
LINEAR
LINEAR
LINEAR
LINEAR
LINEAR
LINEAR
LINEAR
LINEAR
LINEAR
LINEAR
LINEAR
LINEAR
LINEAR
LINEAR
LINEAR
LINEAR
LINEAR
LINEAR
LINEAR</Name_array>
          <technique_common>
            <accessor count="68" offset="0" source="#Boy01_Brows_Geo_0_2-Interpolations-array" stride="1">
              <param type="name" />
            </accessor>
          </technique_common>
        </source>
        <sampler id="Boy01_Brows_Geo_0_2-Matrix-animation-transform">
          <input semantic="INPUT" source="#Boy01_Brows_Geo_0_2-Matrix-animation-input" />
          <input semantic="OUTPUT" source="#Boy01_Brows_Geo_0_2-Matrix-animation-output-transform" />
          <input semantic="INTERPOLATION" source="#Boy01_Brows_Geo_0_2-Interpolations" />
        </sampler>
        <channel source="#Boy01_Brows_Geo_0_2-Matrix-animation-transform" target="Boy01_Brows_Geo/matrix" />
      </animation>
      <animation id="Boy01_Eyes_Geo_0_3-anim" name="Boy01_Eyes_Geo_0_3">
        <source id="Boy01_Eyes_Geo_0_3-Matrix-animation-input">
          <float_array id="Boy01_Eyes_Geo_0_3-Matrix-animation-input-array" count="68">0
0.01666667
0.03333334
0.05
0.06666667
0.08333334
0.1
0.1166667
0.1333333
0.15
0.1666667
0.1833333
0.2
0.2166667
0.2333333
0.25
0.2666667
0.2833334
0.3
0.3166667
0.3333334
0.3500001
0.3666668
0.3833334
0.4000001
0.4166668
0.4333335
0.4500002
0.4666668
0.4833335
0.5000002
0.5166668
0.5333335
0.5500001
0.5666668
0.5833334
0.6000001
0.6166667
0.6333334
0.65
0.6666667
0.6833333
0.7
0.7166666
0.7333333
0.7499999
0.7666666
0.7833332
0.7999999
0.8166665
0.8333332
0.8499998
0.8666665
0.8833331
0.8999998
0.9166664
0.9333331
0.9499997
0.9666664
0.9833331
0.9999997
1.016666
1.033333
1.05
1.066666
1.083333
1.1
1.10839
</float_array>
          <technique_common>
            <accessor count="68" offset="0" source="#Boy01_Eyes_Geo_0_3-Matrix-animation-input-array" stride="1">
              <param name="TIME" type="float" />
            </accessor>
          </technique_common>
        </source>
        <source id="Boy01_Eyes_Geo_0_3-Matrix-animation-output-transform">
          <float_array id="Boy01_Eyes_Geo_0_3-Matrix-animation-output-transform-array" count="1088">1 0 0 0 
0 1 0 0 
0 0 1 0 
0 0 0 1 
1 0 0 0 
0 1 0 0 
0 0 1 0 
0 0 0 1 
1 0 0 0 
0 1 0 0 
0 0 1 0 
0 0 0 1 
1 0 0 0 
0 1 0 0 
0 0 1 0 
0 0 0 1 
1 0 0 0 
0 1 0 0 
0 0 1 0 
0 0 0 1 
1 0 0 0 
0 1 0 0 
0 0 1 0 
0 0 0 1 
1 0 0 0 
0 1 0 0 
0 0 1 0 
0 0 0 1 
1 0 0 0 
0 1 0 0 
0 0 1 0 
0 0 0 1 
1 0 0 0 
0 1 0 0 
0 0 1 0 
0 0 0 1 
1 0 0 0 
0 1 0 0 
0 0 1 0 
0 0 0 1 
1 0 0 0 
0 1 0 0 
0 0 1 0 
0 0 0 1 
1 0 0 0 
0 1 0 0 
0 0 1 0 
0 0 0 1 
1 0 0 0 
0 1 0 0 
0 0 1 0 
0 0 0 1 
1 0 0 0 
0 1 0 0 
0 0 1 0 
0 0 0 1 
1 0 0 0 
0 1 0 0 
0 0 1 0 
0 0 0 1 
1 0 0 0 
0 1 0 0 
0 0 1 0 
0 0 0 1 
1 0 0 0 
0 1 0 0 
0 0 1 0 
0 0 0 1 
1 0 0 0 
0 1 0 0 
0 0 1 0 
0 0 0 1 
1 0 0 0 
0 1 0 0 
0 0 1 0 
0 0 0 1 
1 0 0 0 
0 1 0 0 
0 0 1 0 
0 0 0 1 
1 0 0 0 
0 1 0 0 
0 0 1 0 
0 0 0 1 
1 0 0 0 
0 1 0 0 
0 0 1 0 
0 0 0 1 
1 0 0 0 
0 1 0 0 
0 0 1 0 
0 0 0 1 
1 0 0 0 
0 1 0 0 
0 0 1 0 
0 0 0 1 
1 0 0 0 
0 1 0 0 
0 0 1 0 
0 0 0 1 
1 0 0 0 
0 1 0 0 
0 0 1 0 
0 0 0 1 
1 0 0 0 
0 1 0 0 
0 0 1 0 
0 0 0 1 
1 0 0 0 
0 1 0 0 
0 0 1 0 
0 0 0 1 
1 0 0 0 
0 1 0 0 
0 0 1 0 
0 0 0 1 
1 0 0 0 
0 1 0 0 
0 0 1 0 
0 0 0 1 
1 0 0 0 
0 1 0 0 
0 0 1 0 
0 0 0 1 
1 0 0 0 
0 1 0 0 
0 0 1 0 
0 0 0 1 
1 0 0 0 
0 1 0 0 
0 0 1 0 
0 0 0 1 
1 0 0 0 
0 1 0 0 
0 0 1 0 
0 0 0 1 
1 0 0 0 
0 1 0 0 
0 0 1 0 
0 0 0 1 
1 0 0 0 
0 1 0 0 
0 0 1 0 
0 0 0 1 
1 0 0 0 
0 1 0 0 
0 0 1 0 
0 0 0 1 
1 0 0 0 
0 1 0 0 
0 0 1 0 
0 0 0 1 
1 0 0 0 
0 1 0 0 
0 0 1 0 
0 0 0 1 
1 0 0 0 
0 1 0 0 
0 0 1 0 
0 0 0 1 
1 0 0 0 
0 1 0 0 
0 0 1 0 
0 0 0 1 
1 0 0 0 
0 1 0 0 
0 0 1 0 
0 0 0 1 
1 0 0 0 
0 1 0 0 
0 0 1 0 
0 0 0 1 
1 0 0 0 
0 1 0 0 
0 0 1 0 
0 0 0 1 
1 0 0 0 
0 1 0 0 
0 0 1 0 
0 0 0 1 
1 0 0 0 
0 1 0 0 
0 0 1 0 
0 0 0 1 
1 0 0 0 
0 1 0 0 
0 0 1 0 
0 0 0 1 
1 0 0 0 
0 1 0 0 
0 0 1 0 
0 0 0 1 
1 0 0 0 
0 1 0 0 
0 0 1 0 
0 0 0 1 
1 0 0 0 
0 1 0 0 
0 0 1 0 
0 0 0 1 
1 0 0 0 
0 1 0 0 
0 0 1 0 
0 0 0 1 
1 0 0 0 
0 1 0 0 
0 0 1 0 
0 0 0 1 
1 0 0 0 
0 1 0 0 
0 0 1 0 
0 0 0 1 
1 0 0 0 
0 1 0 0 
0 0 1 0 
0 0 0 1 
1 0 0 0 
0 1 0 0 
0 0 1 0 
0 0 0 1 
1 0 0 0 
0 1 0 0 
0 0 1 0 
0 0 0 1 
1 0 0 0 
0 1 0 0 
0 0 1 0 
0 0 0 1 
1 0 0 0 
0 1 0 0 
0 0 1 0 
0 0 0 1 
1 0 0 0 
0 1 0 0 
0 0 1 0 
0 0 0 1 
1 0 0 0 
0 1 0 0 
0 0 1 0 
0 0 0 1 
1 0 0 0 
0 1 0 0 
0 0 1 0 
0 0 0 1 
1 0 0 0 
0 1 0 0 
0 0 1 0 
0 0 0 1 
1 0 0 0 
0 1 0 0 
0 0 1 0 
0 0 0 1 
1 0 0 0 
0 1 0 0 
0 0 1 0 
0 0 0 1 
1 0 0 0 
0 1 0 0 
0 0 1 0 
0 0 0 1 
1 0 0 0 
0 1 0 0 
0 0 1 0 
0 0 0 1 
1 0 0 0 
0 1 0 0 
0 0 1 0 
0 0 0 1 
1 0 0 0 
0 1 0 0 
0 0 1 0 
0 0 0 1 
</float_array>
          <technique_common>
            <accessor count="68" offset="0" source="#Boy01_Eyes_Geo_0_3-Matrix-animation-output-transform-array" stride="16">
              <param type="float4x4" />
            </accessor>
          </technique_common>
        </source>
        <source id="Boy01_Eyes_Geo_0_3-Interpolations">
          <Name_array id="Boy01_Eyes_Geo_0_3-Interpolations-array" count="68">LINEAR
LINEAR
LINEAR
LINEAR
LINEAR
LINEAR
LINEAR
LINEAR
LINEAR
LINEAR
LINEAR
LINEAR
LINEAR
LINEAR
LINEAR
LINEAR
LINEAR
LINEAR
LINEAR
LINEAR
LINEAR
LINEAR
LINEAR
LINEAR
LINEAR
LINEAR
LINEAR
LINEAR
LINEAR
LINEAR
LINEAR
LINEAR
LINEAR
LINEAR
LINEAR
LINEAR
LINEAR
LINEAR
LINEAR
LINEAR
LINEAR
LINEAR
LINEAR
LINEAR
LINEAR
LINEAR
LINEAR
LINEAR
LINEAR
LINEAR
LINEAR
LINEAR
LINEAR
LINEAR
LINEAR
LINEAR
LINEAR
LINEAR
LINEAR
LINEAR
LINEAR
LINEAR
LINEAR
LINEAR
LINEAR
LINEAR
LINEAR
LINEAR</Name_array>
          <technique_common>
            <accessor count="68" offset="0" source="#Boy01_Eyes_Geo_0_3-Interpolations-array" stride="1">
              <param type="name" />
            </accessor>
          </technique_common>
        </source>
        <sampler id="Boy01_Eyes_Geo_0_3-Matrix-animation-transform">
          <input semantic="INPUT" source="#Boy01_Eyes_Geo_0_3-Matrix-animation-input" />
          <input semantic="OUTPUT" source="#Boy01_Eyes_Geo_0_3-Matrix-animation-output-transform" />
          <input semantic="INTERPOLATION" source="#Boy01_Eyes_Geo_0_3-Interpolations" />
        </sampler>
        <channel source="#Boy01_Eyes_Geo_0_3-Matrix-animation-transform" target="Boy01_Eyes_Geo/matrix" />
      </animation>
      <animation id="h_Geo_0_4-anim" name="h_Geo_0_4">
        <source id="h_Geo_0_4-Matrix-animation-input">
          <float_array id="h_Geo_0_4-Matrix-animation-input-array" count="68">0
0.01666667
0.03333334
0.05
0.06666667
0.08333334
0.1
0.1166667
0.1333333
0.15
0.1666667
0.1833333
0.2
0.2166667
0.2333333
0.25
0.2666667
0.2833334
0.3
0.3166667
0.3333334
0.3500001
0.3666668
0.3833334
0.4000001
0.4166668
0.4333335
0.4500002
0.4666668
0.4833335
0.5000002
0.5166668
0.5333335
0.5500001
0.5666668
0.5833334
0.6000001
0.6166667
0.6333334
0.65
0.6666667
0.6833333
0.7
0.7166666
0.7333333
0.7499999
0.7666666
0.7833332
0.7999999
0.8166665
0.8333332
0.8499998
0.8666665
0.8833331
0.8999998
0.9166664
0.9333331
0.9499997
0.9666664
0.9833331
0.9999997
1.016666
1.033333
1.05
1.066666
1.083333
1.1
1.10839
</float_array>
          <technique_common>
            <accessor count="68" offset="0" source="#h_Geo_0_4-Matrix-animation-input-array" stride="1">
              <param name="TIME" type="float" />
            </accessor>
          </technique_common>
        </source>
        <source id="h_Geo_0_4-Matrix-animation-output-transform">
          <float_array id="h_Geo_0_4-Matrix-animation-output-transform-array" count="1088">1 0 0 0 
0 1 0 0 
0 0 1 0 
0 0 0 1 
1 0 0 0 
0 1 0 0 
0 0 1 0 
0 0 0 1 
1 0 0 0 
0 1 0 0 
0 0 1 0 
0 0 0 1 
1 0 0 0 
0 1 0 0 
0 0 1 0 
0 0 0 1 
1 0 0 0 
0 1 0 0 
0 0 1 0 
0 0 0 1 
1 0 0 0 
0 1 0 0 
0 0 1 0 
0 0 0 1 
1 0 0 0 
0 1 0 0 
0 0 1 0 
0 0 0 1 
1 0 0 0 
0 1 0 0 
0 0 1 0 
0 0 0 1 
1 0 0 0 
0 1 0 0 
0 0 1 0 
0 0 0 1 
1 0 0 0 
0 1 0 0 
0 0 1 0 
0 0 0 1 
1 0 0 0 
0 1 0 0 
0 0 1 0 
0 0 0 1 
1 0 0 0 
0 1 0 0 
0 0 1 0 
0 0 0 1 
1 0 0 0 
0 1 0 0 
0 0 1 0 
0 0 0 1 
1 0 0 0 
0 1 0 0 
0 0 1 0 
0 0 0 1 
1 0 0 0 
0 1 0 0 
0 0 1 0 
0 0 0 1 
1 0 0 0 
0 1 0 0 
0 0 1 0 
0 0 0 1 
1 0 0 0 
0 1 0 0 
0 0 1 0 
0 0 0 1 
1 0 0 0 
0 1 0 0 
0 0 1 0 
0 0 0 1 
1 0 0 0 
0 1 0 0 
0 0 1 0 
0 0 0 1 
1 0 0 0 
0 1 0 0 
0 0 1 0 
0 0 0 1 
1 0 0 0 
0 1 0 0 
0 0 1 0 
0 0 0 1 
1 0 0 0 
0 1 0 0 
0 0 1 0 
0 0 0 1 
1 0 0 0 
0 1 0 0 
0 0 1 0 
0 0 0 1 
1 0 0 0 
0 1 0 0 
0 0 1 0 
0 0 0 1 
1 0 0 0 
0 1 0 0 
0 0 1 0 
0 0 0 1 
1 0 0 0 
0 1 0 0 
0 0 1 0 
0 0 0 1 
1 0 0 0 
0 1 0 0 
0 0 1 0 
0 0 0 1 
1 0 0 0 
0 1 0 0 
0 0 1 0 
0 0 0 1 
1 0 0 0 
0 1 0 0 
0 0 1 0 
0 0 0 1 
1 0 0 0 
0 1 0 0 
0 0 1 0 
0 0 0 1 
1 0 0 0 
0 1 0 0 
0 0 1 0 
0 0 0 1 
1 0 0 0 
0 1 0 0 
0 0 1 0 
0 0 0 1 
1 0 0 0 
0 1 0 0 
0 0 1 0 
0 0 0 1 
1 0 0 0 
0 1 0 0 
0 0 1 0 
0 0 0 1 
1 0 0 0 
0 1 0 0 
0 0 1 0 
0 0 0 1 
1 0 0 0 
0 1 0 0 
0 0 1 0 
0 0 0 1 
1 0 0 0 
0 1 0 0 
0 0 1 0 
0 0 0 1 
1 0 0 0 
0 1 0 0 
0 0 1 0 
0 0 0 1 
1 0 0 0 
0 1 0 0 
0 0 1 0 
0 0 0 1 
1 0 0 0 
0 1 0 0 
0 0 1 0 
0 0 0 1 
1 0 0 0 
0 1 0 0 
0 0 1 0 
0 0 0 1 
1 0 0 0 
0 1 0 0 
0 0 1 0 
0 0 0 1 
1 0 0 0 
0 1 0 0 
0 0 1 0 
0 0 0 1 
1 0 0 0 
0 1 0 0 
0 0 1 0 
0 0 0 1 
1 0 0 0 
0 1 0 0 
0 0 1 0 
0 0 0 1 
1 0 0 0 
0 1 0 0 
0 0 1 0 
0 0 0 1 
1 0 0 0 
0 1 0 0 
0 0 1 0 
0 0 0 1 
1 0 0 0 
0 1 0 0 
0 0 1 0 
0 0 0 1 
1 0 0 0 
0 1 0 0 
0 0 1 0 
0 0 0 1 
1 0 0 0 
0 1 0 0 
0 0 1 0 
0 0 0 1 
1 0 0 0 
0 1 0 0 
0 0 1 0 
0 0 0 1 
1 0 0 0 
0 1 0 0 
0 0 1 0 
0 0 0 1 
1 0 0 0 
0 1 0 0 
0 0 1 0 
0 0 0 1 
1 0 0 0 
0 1 0 0 
0 0 1 0 
0 0 0 1 
1 0 0 0 
0 1 0 0 
0 0 1 0 
0 0 0 1 
1 0 0 0 
0 1 0 0 
0 0 1 0 
0 0 0 1 
1 0 0 0 
0 1 0 0 
0 0 1 0 
0 0 0 1 
1 0 0 0 
0 1 0 0 
0 0 1 0 
0 0 0 1 
1 0 0 0 
0 1 0 0 
0 0 1 0 
0 0 0 1 
1 0 0 0 
0 1 0 0 
0 0 1 0 
0 0 0 1 
1 0 0 0 
0 1 0 0 
0 0 1 0 
0 0 0 1 
1 0 0 0 
0 1 0 0 
0 0 1 0 
0 0 0 1 
1 0 0 0 
0 1 0 0 
0 0 1 0 
0 0 0 1 
1 0 0 0 
0 1 0 0 
0 0 1 0 
0 0 0 1 
1 0 0 0 
0 1 0 0 
0 0 1 0 
0 0 0 1 
1 0 0 0 
0 1 0 0 
0 0 1 0 
0 0 0 1 
1 0 0 0 
0 1 0 0 
0 0 1 0 
0 0 0 1 
1 0 0 0 
0 1 0 0 
0 0 1 0 
0 0 0 1 
</float_array>
          <technique_common>
            <accessor count="68" offset="0" source="#h_Geo_0_4-Matrix-animation-output-transform-array" stride="16">
              <param type="float4x4" />
            </accessor>
          </technique_common>
        </source>
        <source id="h_Geo_0_4-Interpolations">
          <Name_array id="h_Geo_0_4-Interpolations-array" count="68">LINEAR
LINEAR
LINEAR
LINEAR
LINEAR
LINEAR
LINEAR
LINEAR
LINEAR
LINEAR
LINEAR
LINEAR
LINEAR
LINEAR
LINEAR
LINEAR
LINEAR
LINEAR
LINEAR
LINEAR
LINEAR
LINEAR
LINEAR
LINEAR
LINEAR
LINEAR
LINEAR
LINEAR
LINEAR
LINEAR
LINEAR
LINEAR
LINEAR
LINEAR
LINEAR
LINEAR
LINEAR
LINEAR
LINEAR
LINEAR
LINEAR
LINEAR
LINEAR
LINEAR
LINEAR
LINEAR
LINEAR
LINEAR
LINEAR
LINEAR
LINEAR
LINEAR
LINEAR
LINEAR
LINEAR
LINEAR
LINEAR
LINEAR
LINEAR
LINEAR
LINEAR
LINEAR
LINEAR
LINEAR
LINEAR
LINEAR
LINEAR
LINEAR</Name_array>
          <technique_common>
            <accessor count="68" offset="0" source="#h_Geo_0_4-Interpolations-array" stride="1">
              <param type="name" />
            </accessor>
          </technique_common>
        </source>
        <sampler id="h_Geo_0_4-Matrix-animation-transform">
          <input semantic="INPUT" source="#h_Geo_0_4-Matrix-animation-input" />
          <input semantic="OUTPUT" source="#h_Geo_0_4-Matrix-animation-output-transform" />
          <input semantic="INTERPOLATION" source="#h_Geo_0_4-Interpolations" />
        </sampler>
        <channel source="#h_Geo_0_4-Matrix-animation-transform" target="h_Geo/matrix" />
      </animation>
      <animation id="Hips_0_5-anim" name="Hips_0_5">
        <source id="Hips_0_5-Matrix-animation-input">
          <float_array id="Hips_0_5-Matrix-animation-input-array" count="68">0
0.01666667
0.03333334
0.05
0.06666667
0.08333334
0.1
0.1166667
0.1333333
0.15
0.1666667
0.1833333
0.2
0.2166667
0.2333333
0.25
0.2666667
0.2833334
0.3
0.3166667
0.3333334
0.3500001
0.3666668
0.3833334
0.4000001
0.4166668
0.4333335
0.4500002
0.4666668
0.4833335
0.5000002
0.5166668
0.5333335
0.5500001
0.5666668
0.5833334
0.6000001
0.6166667
0.6333334
0.65
0.6666667
0.6833333
0.7
0.7166666
0.7333333
0.7499999
0.7666666
0.7833332
0.7999999
0.8166665
0.8333332
0.8499998
0.8666665
0.8833331
0.8999998
0.9166664
0.9333331
0.9499997
0.9666664
0.9833331
0.9999997
1.016666
1.033333
1.05
1.066666
1.083333
1.1
1.10839
</float_array>
          <technique_common>
            <accessor count="68" offset="0" source="#Hips_0_5-Matrix-animation-input-array" stride="1">
              <param name="TIME" type="float" />
            </accessor>
          </technique_common>
        </source>
        <source id="Hips_0_5-Matrix-animation-output-transform">
          <float_array id="Hips_0_5-Matrix-animation-output-transform-array" count="1088">0.9998215 0.01763204 0.006792634 4.416815E-09 
-0.01887847 0.9472818 0.3198448 0.832392 
-0.0007950225 -0.319916 0.9474456 0.004143002 
0 0 0 1 
0.9998215 0.01763204 0.006792634 4.416815E-09 
-0.01887847 0.9472818 0.3198448 0.832392 
-0.0007950225 -0.319916 0.9474456 0.004143002 
0 0 0 1 
0.9998215 0.01763204 0.006792634 4.416815E-09 
-0.01887847 0.9472818 0.3198448 0.832392 
-0.0007950225 -0.319916 0.9474456 0.004143002 
0 0 0 1 
0.9998209 0.01764096 0.00684342 4.416815E-09 
-0.01890316 0.9472841 0.3198368 0.832392 
-0.0008404364 -0.3199089 0.947448 0.004143002 
0 0 0 1 
0.9998202 0.01765457 0.006920193 4.416815E-09 
-0.01894061 0.9472875 0.3198244 0.832392 
-0.0009090493 -0.319898 0.9474516 0.004143002 
0 0 0 1 
0.9998193 0.01766932 0.007006316 4.416815E-09 
-0.01898212 0.9472912 0.3198111 0.832392 
-0.0009861768 -0.3198863 0.9474554 0.004143002 
0 0 0 1 
0.9998182 0.01768863 0.007117407 4.416815E-09 
-0.01903594 0.9472952 0.3197957 0.832392 
-0.001085537 -0.3198731 0.9474598 0.004143002 
0 0 0 1 
0.999817 0.01770802 0.007244536 4.416815E-09 
-0.01909495 0.9473001 0.319778 0.832392 
-0.001200113 -0.3198578 0.9474648 0.004143002 
0 0 0 1 
0.9998161 0.01771849 0.007345805 4.416815E-09 
-0.01913724 0.9473041 0.3197636 0.832392 
-0.001292984 -0.3198454 0.9474689 0.004143002 
0 0 0 1 
0.9998153 0.01772036 0.007445452 4.416815E-09 
-0.01917086 0.9473095 0.3197455 0.832392 
-0.001387142 -0.3198292 0.9474742 0.004143002 
0 0 0 1 
0.9998143 0.01769455 0.007627134 4.416815E-09 
-0.01920441 0.9473285 0.3196872 0.832392 
-0.001568682 -0.3197743 0.9474925 0.004143002 
0 0 0 1 
0.9998132 0.01763397 0.007909835 4.416815E-09 
-0.01923721 0.9473644 0.3195786 0.832392 
-0.001858056 -0.3196711 0.9475268 0.004143002 
0 0 0 1 
0.9998122 0.01757524 0.008158353 4.416815E-09 
-0.01926078 0.9473981 0.3194774 0.832392 
-0.002114315 -0.3195746 0.9475588 0.004143002 
0 0 0 1 
0.9998115 0.01752138 0.008366934 4.416815E-09 
-0.01927618 0.9474277 0.3193887 0.832392 
-0.002330934 -0.3194898 0.9475869 0.004143002 
0 0 0 1 
0.9998109 0.01748693 0.008515519 4.416815E-09 
-0.01929086 0.9474463 0.3193327 0.832392 
-0.002483849 -0.3194366 0.9476044 0.004143002 
0 0 0 1 
0.9998104 0.01745154 0.008639282 4.416815E-09 
-0.01929672 0.9474638 0.3192805 0.832392 
-0.002613469 -0.3193867 0.9476209 0.004143002 
0 0 0 1 
0.9998105 0.01738309 0.008773552 4.416815E-09 
-0.01927447 0.9474949 0.3191895 0.832392 
-0.002764395 -0.3192981 0.9476503 0.004143002 
0 0 0 1 
0.9998108 0.01729213 0.008906142 4.416815E-09 
-0.01923025 0.9475338 0.3190765 0.832392 
-0.002921361 -0.3191874 0.9476871 0.004143002 
0 0 0 1 
0.9998109 0.01722557 0.00902104 4.416815E-09 
-0.01920362 0.9475594 0.3190023 0.832392 
-0.003052972 -0.3191153 0.947711 0.004143002 
0 0 0 1 
0.9998111 0.01716388 0.009126375 4.416815E-09 
-0.01917856 0.94758 0.3189425 0.832392 
-0.00317368 -0.3190573 0.9477301 0.004143002 
0 0 0 1 
0.9998115 0.01707939 0.00923024 4.416815E-09 
-0.01913138 0.9476045 0.3188724 0.832392 
-0.00330047 -0.3189889 0.9477527 0.004143002 
0 0 0 1 
0.9998125 0.01697013 0.009328289 4.416815E-09 
-0.01905882 0.9476327 0.318793 0.832392 
-0.003429833 -0.318911 0.9477785 0.004143002 
0 0 0 1 
0.9998137 0.01686236 0.009393858 4.416815E-09 
-0.0189773 0.9476594 0.3187187 0.832392 
-0.003527829 -0.3188376 0.9478028 0.004143002 
0 0 0 1 
0.9998151 0.01676566 0.009414078 4.416815E-09 
-0.01889186 0.9476824 0.3186554 0.832392 
-0.003579087 -0.3187743 0.9478239 0.004143002 
0 0 0 1 
0.9998167 0.01669706 0.009371538 4.416815E-09 
-0.01881311 0.9476983 0.3186127 0.832392 
-0.003561494 -0.3187306 0.9478387 0.004143002 
0 0 0 1 
0.9998183 0.01663432 0.009304439 4.416815E-09 
-0.01873212 0.9477124 0.3185755 0.832392 
-0.003518645 -0.3186919 0.9478518 0.004143002 
0 0 0 1 
0.9998202 0.01655042 0.009248121 4.416815E-09 
-0.01863446 0.9477309 0.3185262 0.832392 
-0.003492988 -0.3186413 0.9478689 0.004143002 
0 0 0 1 
0.9998224 0.01645201 0.009196918 4.416815E-09 
-0.01852465 0.9477524 0.3184686 0.832392 
-0.003476955 -0.3185824 0.9478888 0.004143002 
0 0 0 1 
0.9998237 0.01638378 0.009173228 4.416815E-09 
-0.01845226 0.9477696 0.3184216 0.832392 
-0.003477157 -0.3185348 0.9479048 0.004143002 
0 0 0 1 
0.9998246 0.01633461 0.009167392 4.416815E-09 
-0.01840364 0.9477841 0.3183812 0.832392 
-0.003488075 -0.318494 0.9479185 0.004143002 
0 0 0 1 
0.9998258 0.01627539 0.009130755 4.416815E-09 
-0.01833567 0.9478002 0.3183373 0.832392 
-0.003473068 -0.3184493 0.9479336 0.004143002 
0 0 0 1 
0.9998279 0.01619594 0.009043155 4.416815E-09 
-0.01823227 0.9478192 0.3182866 0.832392 
-0.003416326 -0.3183967 0.9479514 0.004143002 
0 0 0 1 
0.9998296 0.01613871 0.008961316 4.416815E-09 
-0.01815181 0.9478349 0.3182444 0.832392 
-0.003357795 -0.3183528 0.9479663 0.004143002 
0 0 0 1 
0.9998308 0.01610359 0.00888798 4.416815E-09 
-0.01809506 0.9478471 0.3182115 0.832392 
-0.0033001 -0.3183185 0.9479781 0.004143002 
0 0 0 1 
0.999832 0.01606876 0.008812536 4.416815E-09 
-0.01803793 0.9478572 0.3181845 0.832392 
-0.003240196 -0.31829 0.9479879 0.004143002 
0 0 0 1 
0.9998332 0.01603616 0.008736476 4.416815E-09 
-0.01798274 0.9478661 0.318161 0.832392 
-0.003178928 -0.3182651 0.9479964 0.004143002 
0 0 0 1 
0.9998345 0.01600427 0.008659454 4.416815E-09 
-0.0179279 0.9478765 0.3181334 0.832392 
-0.003116599 -0.3182359 0.9480065 0.004143002 
0 0 0 1 
0.9998356 0.01597333 0.008580133 4.416815E-09 
-0.01787322 0.9478887 0.3181 0.832392 
-0.003051895 -0.3182011 0.9480183 0.004143002 
0 0 0 1 
0.9998364 0.01594587 0.008533064 4.416815E-09 
-0.0178321 0.9479004 0.3180673 0.832392 
-0.003016636 -0.3181674 0.9480298 0.004143002 
0 0 0 1 
0.999837 0.01592108 0.008510413 4.416815E-09 
-0.01780129 0.9479118 0.3180351 0.832392 
-0.003003658 -0.3181348 0.9480407 0.004143002 
0 0 0 1 
0.9998378 0.01589132 0.008476846 4.416815E-09 
-0.01776227 0.9479271 0.3179916 0.832392 
-0.002982124 -0.3180906 0.9480556 0.004143002 
0 0 0 1 
0.9998389 0.01585301 0.008421922 4.416815E-09 
-0.01770828 0.9479489 0.3179295 0.832392 
-0.002943411 -0.3180274 0.948077 0.004143002 
0 0 0 1 
0.9998397 0.01582074 0.008387288 4.416815E-09 
-0.01766651 0.9479666 0.3178793 0.832392 
-0.002921782 -0.3179765 0.9480941 0.004143002 
0 0 0 1 
0.9998403 0.01579434 0.008365314 4.416815E-09 
-0.01763437 0.9479809 0.3178385 0.832392 
-0.002910109 -0.3179352 0.948108 0.004143002 
0 0 0 1 
0.9998407 0.01577621 0.008350244 4.416815E-09 
-0.01761229 0.9479913 0.3178086 0.832392 
-0.002902144 -0.3179051 0.9481181 0.004143002 
0 0 0 1 
0.999841 0.01575816 0.008341586 4.416815E-09 
-0.01759234 0.9480014 0.3177796 0.832392 
-0.002900213 -0.3178758 0.9481279 0.004143002 
0 0 0 1 
0.9998415 0.0157302 0.008339778 4.416815E-09 
-0.01756513 0.9480155 0.3177391 0.832392 
-0.002908138 -0.3178352 0.9481415 0.004143002 
0 0 0 1 
0.9998419 0.01570234 0.008347444 4.416815E-09 
-0.01754103 0.9480296 0.3176982 0.832392 
-0.002925018 -0.3177944 0.9481552 0.004143002 
0 0 0 1 
